,Date,Open,High,Low,Close,Volume,Dividends,Stock Splits
0,2025-06-26 00:00:00+01:00,1.1668611764907837,1.1678149700164795,1.1667250394821167,1.1678149700164795,0,0.0,0.0
1,2025-06-26 00:15:00+01:00,1.1674060821533203,1.1679514646530151,1.1674060821533203,1.1675423383712769,0,0.0,0.0
2,2025-06-26 00:30:00+01:00,1.1676785945892334,1.1683608293533325,1.1676785945892334,1.1680878400802612,0,0.0,0.0
3,2025-06-26 00:45:00+01:00,1.1680878400802612,1.168770432472229,1.1680878400802612,1.168770432472229,0,0.0,0.0
4,2025-06-26 01:00:00+01:00,1.168770432472229,1.1691803932189941,1.168770432472229,1.1690436601638794,0,0.0,0.0
5,2025-06-26 01:15:00+01:00,1.1689070463180542,1.1691803932189941,1.1689070463180542,1.1691803932189941,0,0.0,0.0
6,2025-06-26 01:30:00+01:00,1.1691803932189941,1.1691803932189941,1.1686338186264038,1.168770432472229,0,0.0,0.0
7,2025-06-26 01:45:00+01:00,1.168770432472229,1.168770432472229,1.1683608293533325,1.1684973239898682,0,0.0,0.0
8,2025-06-26 02:00:00+01:00,1.1684973239898682,1.1684973239898682,1.1679514646530151,1.1679514646530151,0,0.0,0.0
9,2025-06-26 02:15:00+01:00,1.1679514646530151,1.1679514646530151,1.1672697067260742,1.1675423383712769,0,0.0,0.0
10,2025-06-26 02:30:00+01:00,1.1675423383712769,1.1684973239898682,1.1674060821533203,1.1682243347167969,0,0.0,0.0
11,2025-06-26 02:45:00+01:00,1.1682243347167969,1.1690436601638794,1.1682243347167969,1.1689070463180542,0,0.0,0.0
12,2025-06-26 03:00:00+01:00,1.1690436601638794,1.1691803932189941,1.168770432472229,1.1689070463180542,0,0.0,0.0
13,2025-06-26 03:15:00+01:00,1.168770432472229,1.1691803932189941,1.1686338186264038,1.1691803932189941,0,0.0,0.0
14,2025-06-26 03:30:00+01:00,1.1690436601638794,1.1691803932189941,1.168770432472229,1.1691803932189941,0,0.0,0.0
15,2025-06-26 03:45:00+01:00,1.1693171262741089,1.169864296913147,1.1691803932189941,1.1693171262741089,0,0.0,0.0
16,2025-06-26 04:00:00+01:00,1.1693171262741089,1.1712344884872437,1.1693171262741089,1.1700011491775513,0,0.0,0.0
17,2025-06-26 04:15:00+01:00,1.1701380014419556,1.1706860065460205,1.169864296913147,1.169864296913147,0,0.0,0.0
18,2025-06-26 04:30:00+01:00,1.1697274446487427,1.169864296913147,1.1693171262741089,1.169864296913147,0,0.0,0.0
19,2025-06-26 04:45:00+01:00,1.1697274446487427,1.1700011491775513,1.1695905923843384,1.169864296913147,0,0.0,0.0
20,2025-06-26 05:00:00+01:00,1.1695905923843384,1.1695905923843384,1.168770432472229,1.1689070463180542,0,0.0,0.0
21,2025-06-26 05:15:00+01:00,1.168770432472229,1.1689070463180542,1.1684973239898682,1.168770432472229,0,0.0,0.0
22,2025-06-26 05:30:00+01:00,1.1689070463180542,1.1689070463180542,1.1686338186264038,1.1686338186264038,0,0.0,0.0
23,2025-06-26 05:45:00+01:00,1.1686338186264038,1.1686338186264038,1.1682243347167969,1.1683608293533325,0,0.0,0.0
24,2025-06-26 06:00:00+01:00,1.1682243347167969,1.168770432472229,1.1679514646530151,1.1683608293533325,0,0.0,0.0
25,2025-06-26 06:15:00+01:00,1.1684973239898682,1.168770432472229,1.1683608293533325,1.168770432472229,0,0.0,0.0
26,2025-06-26 06:30:00+01:00,1.168770432472229,1.168770432472229,1.1682243347167969,1.1682243347167969,0,0.0,0.0
27,2025-06-26 06:45:00+01:00,1.1682243347167969,1.168770432472229,1.1680878400802612,1.168770432472229,0,0.0,0.0
28,2025-06-26 07:00:00+01:00,1.1684973239898682,1.1686338186264038,1.1679514646530151,1.1683608293533325,0,0.0,0.0
29,2025-06-26 07:15:00+01:00,1.1680878400802612,1.1684973239898682,1.1679514646530151,1.1679514646530151,0,0.0,0.0
30,2025-06-26 07:30:00+01:00,1.1680878400802612,1.1689070463180542,1.1680878400802612,1.1689070463180542,0,0.0,0.0
31,2025-06-26 07:45:00+01:00,1.1690436601638794,1.1702749729156494,1.1690436601638794,1.1702749729156494,0,0.0,0.0
32,2025-06-26 08:00:00+01:00,1.1700011491775513,1.1704120635986328,1.1695905923843384,1.1704120635986328,0,0.0,0.0
33,2025-06-26 08:15:00+01:00,1.1704120635986328,1.1716461181640625,1.1704120635986328,1.1706860065460205,0,0.0,0.0
34,2025-06-26 08:30:00+01:00,1.170548915863037,1.170548915863037,1.1695905923843384,1.1702749729156494,0,0.0,0.0
35,2025-06-26 08:45:00+01:00,1.170823097229004,1.1715089082717896,1.1706860065460205,1.1710972785949707,0,0.0,0.0
36,2025-06-26 09:00:00+01:00,1.1712344884872437,1.1732958555221558,1.1710972785949707,1.1732958555221558,0,0.0,0.0
37,2025-06-26 09:15:00+01:00,1.1731581687927246,1.173433542251587,1.1727453470230103,1.1732958555221558,0,0.0,0.0
38,2025-06-26 09:30:00+01:00,1.1732958555221558,1.1745359897613525,1.1732958555221558,1.1741223335266113,0,0.0,0.0
39,2025-06-26 09:45:00+01:00,1.1739845275878906,1.1739845275878906,1.1732958555221558,1.1732958555221558,0,0.0,0.0
40,2025-06-26 10:00:00+01:00,1.1731581687927246,1.1731581687927246,1.1726078987121582,1.1726078987121582,0,0.0,0.0
41,2025-06-26 10:15:00+01:00,1.1719207763671875,1.1719207763671875,1.1719207763671875,1.1719207763671875,0,0.0,0.0
42,2025-06-26 10:30:00+01:00,1.172195553779602,1.1728830337524414,1.172195553779602,1.1728830337524414,0,0.0,0.0
43,2025-06-26 10:45:00+01:00,1.1730204820632935,1.1730204820632935,1.1727453470230103,1.1728830337524414,0,0.0,0.0
44,2025-06-26 11:00:00+01:00,1.1728830337524414,1.1730204820632935,1.1724703311920166,1.1724703311920166,0,0.0,0.0
45,2025-06-26 11:15:00+01:00,1.1724703311920166,1.1732958555221558,1.1724703311920166,1.1732958555221558,0,0.0,0.0
46,2025-06-26 11:30:00+01:00,1.1732958555221558,1.1732958555221558,1.172333002090454,1.172333002090454,0,0.0,0.0
47,2025-06-26 11:45:00+01:00,1.17205810546875,1.17205810546875,1.1719207763671875,1.1719207763671875,0,0.0,0.0
48,2025-06-26 12:00:00+01:00,1.171783447265625,1.171783447265625,1.1713716983795166,1.1713716983795166,0,0.0,0.0
49,2025-06-26 12:15:00+01:00,1.1709601879119873,1.1709601879119873,1.1701380014419556,1.170548915863037,0,0.0,0.0
50,2025-06-26 12:30:00+01:00,1.1706860065460205,1.170823097229004,1.169864296913147,1.1701380014419556,0,0.0,0.0
51,2025-06-26 12:45:00+01:00,1.1702749729156494,1.170548915863037,1.169864296913147,1.169864296913147,0,0.0,0.0
52,2025-06-26 13:00:00+01:00,1.1697274446487427,1.1701380014419556,1.1694538593292236,1.1700011491775513,0,0.0,0.0
53,2025-06-26 13:15:00+01:00,1.1700011491775513,1.1712344884872437,1.1700011491775513,1.1710972785949707,0,0.0,0.0
54,2025-06-26 13:30:00+01:00,1.170823097229004,1.170823097229004,1.1697274446487427,1.1697274446487427,0,0.0,0.0
55,2025-06-26 13:45:00+01:00,1.1710972785949707,1.1712344884872437,1.1710972785949707,1.1710972785949707,0,0.0,0.0
56,2025-06-26 14:00:00+01:00,1.1712344884872437,1.1712344884872437,1.1702749729156494,1.1702749729156494,0,0.0,0.0
57,2025-06-26 14:15:00+01:00,1.1706860065460205,1.17205810546875,1.1706860065460205,1.17205810546875,0,0.0,0.0
58,2025-06-26 14:30:00+01:00,1.172195553779602,1.172195553779602,1.1712344884872437,1.171783447265625,0,0.0,0.0
59,2025-06-26 14:45:00+01:00,1.17205810546875,1.172333002090454,1.1719207763671875,1.172195553779602,0,0.0,0.0
60,2025-06-26 15:00:00+01:00,1.1715089082717896,1.171783447265625,1.1710972785949707,1.171783447265625,0,0.0,0.0
61,2025-06-26 15:15:00+01:00,1.172195553779602,1.172195553779602,1.1712344884872437,1.1712344884872437,0,0.0,0.0
62,2025-06-26 15:30:00+01:00,1.171783447265625,1.17205810546875,1.1712344884872437,1.171783447265625,0,0.0,0.0
63,2025-06-26 15:45:00+01:00,1.172195553779602,1.172195553779602,1.1710972785949707,1.1712344884872437,0,0.0,0.0
64,2025-06-26 16:00:00+01:00,1.1712344884872437,1.1712344884872437,1.1702749729156494,1.1702749729156494,0,0.0,0.0
65,2025-06-26 16:15:00+01:00,1.1702749729156494,1.1704120635986328,1.1701380014419556,1.1701380014419556,0,0.0,0.0
66,2025-06-26 16:30:00+01:00,1.1704120635986328,1.1715089082717896,1.1702749729156494,1.1715089082717896,0,0.0,0.0
67,2025-06-26 16:45:00+01:00,1.1715089082717896,1.1719207763671875,1.1713716983795166,1.1719207763671875,0,0.0,0.0
68,2025-06-26 17:00:00+01:00,1.1719207763671875,1.172195553779602,1.171783447265625,1.172195553779602,0,0.0,0.0
69,2025-06-26 17:15:00+01:00,1.1719207763671875,1.1728830337524414,1.1716461181640625,1.1728830337524414,0,0.0,0.0
70,2025-06-26 17:30:00+01:00,1.1731581687927246,1.1742602586746216,1.1731581687927246,1.1741223335266113,0,0.0,0.0
71,2025-06-26 17:45:00+01:00,1.17384672164917,1.1741223335266113,1.1731581687927246,1.1732958555221558,0,0.0,0.0
72,2025-06-26 18:00:00+01:00,1.1731581687927246,1.173433542251587,1.1728830337524414,1.1728830337524414,0,0.0,0.0
73,2025-06-26 18:15:00+01:00,1.1727453470230103,1.1730204820632935,1.1724703311920166,1.1730204820632935,0,0.0,0.0
74,2025-06-26 18:30:00+01:00,1.1731581687927246,1.1731581687927246,1.1726078987121582,1.1730204820632935,0,0.0,0.0
75,2025-06-26 18:45:00+01:00,1.1730204820632935,1.1731581687927246,1.1728830337524414,1.1728830337524414,0,0.0,0.0
76,2025-06-26 19:00:00+01:00,1.1727453470230103,1.1731581687927246,1.1726078987121582,1.1730204820632935,0,0.0,0.0
77,2025-06-26 19:15:00+01:00,1.1731581687927246,1.1731581687927246,1.172333002090454,1.172333002090454,0,0.0,0.0
78,2025-06-26 19:30:00+01:00,1.1724703311920166,1.1726078987121582,1.172333002090454,1.172333002090454,0,0.0,0.0
79,2025-06-26 19:45:00+01:00,1.172195553779602,1.1726078987121582,1.172195553779602,1.172333002090454,0,0.0,0.0
80,2025-06-26 20:00:00+01:00,1.172333002090454,1.172333002090454,1.170823097229004,1.1712344884872437,0,0.0,0.0
81,2025-06-26 20:15:00+01:00,1.1712344884872437,1.1713716983795166,1.170823097229004,1.1710972785949707,0,0.0,0.0
82,2025-06-26 20:30:00+01:00,1.1710972785949707,1.1715089082717896,1.1710972785949707,1.1715089082717896,0,0.0,0.0
83,2025-06-26 20:45:00+01:00,1.1713716983795166,1.1715089082717896,1.170823097229004,1.170823097229004,0,0.0,0.0
84,2025-06-26 21:00:00+01:00,1.1712344884872437,1.1712344884872437,1.1702749729156494,1.170548915863037,0,0.0,0.0
85,2025-06-26 21:15:00+01:00,1.1704120635986328,1.1704120635986328,1.169864296913147,1.1701380014419556,0,0.0,0.0
86,2025-06-26 21:30:00+01:00,1.1700011491775513,1.1704120635986328,1.169864296913147,1.1704120635986328,0,0.0,0.0
87,2025-06-26 21:45:00+01:00,1.1704120635986328,1.170548915863037,1.1704120635986328,1.1704120635986328,0,0.0,0.0
88,2025-06-26 22:00:00+01:00,1.1704120635986328,1.1706860065460205,1.1697274446487427,1.1704120635986328,0,0.0,0.0
89,2025-06-26 22:15:00+01:00,1.1702749729156494,1.1702749729156494,1.169864296913147,1.1700011491775513,0,0.0,0.0
90,2025-06-26 22:30:00+01:00,1.1700011491775513,1.170548915863037,1.1697274446487427,1.1697274446487427,0,0.0,0.0
91,2025-06-26 22:45:00+01:00,1.1697274446487427,1.1702749729156494,1.1695905923843384,1.1702749729156494,0,0.0,0.0
92,2025-06-26 23:00:00+01:00,1.1701380014419556,1.1701380014419556,1.1694538593292236,1.1697274446487427,0,0.0,0.0
93,2025-06-26 23:15:00+01:00,1.1697274446487427,1.169864296913147,1.1694538593292236,1.1697274446487427,0,0.0,0.0
94,2025-06-26 23:30:00+01:00,1.1695905923843384,1.1695905923843384,1.1684973239898682,1.1684973239898682,0,0.0,0.0
95,2025-06-26 23:45:00+01:00,1.1684973239898682,1.168770432472229,1.1684973239898682,1.168770432472229,0,0.0,0.0
96,2025-06-27 00:00:00+01:00,1.1689070463180542,1.1695905923843384,1.1689070463180542,1.1695905923843384,0,0.0,0.0
97,2025-06-27 00:15:00+01:00,1.1695905923843384,1.1697274446487427,1.1694538593292236,1.1694538593292236,0,0.0,0.0
98,2025-06-27 00:30:00+01:00,1.1695905923843384,1.1700011491775513,1.1694538593292236,1.1700011491775513,0,0.0,0.0
99,2025-06-27 00:45:00+01:00,1.1701380014419556,1.1701380014419556,1.1694538593292236,1.1695905923843384,0,0.0,0.0
100,2025-06-27 01:00:00+01:00,1.1697274446487427,1.1700011491775513,1.1697274446487427,1.1700011491775513,0,0.0,0.0
101,2025-06-27 01:15:00+01:00,1.1700011491775513,1.1700011491775513,1.1694538593292236,1.1694538593292236,0,0.0,0.0
102,2025-06-27 01:30:00+01:00,1.1695905923843384,1.1697274446487427,1.1693171262741089,1.1697274446487427,0,0.0,0.0
103,2025-06-27 01:45:00+01:00,1.1697274446487427,1.1700011491775513,1.1694538593292236,1.1695905923843384,0,0.0,0.0
104,2025-06-27 02:00:00+01:00,1.1694538593292236,1.169864296913147,1.1693171262741089,1.1693171262741089,0,0.0,0.0
105,2025-06-27 02:15:00+01:00,1.1694538593292236,1.169864296913147,1.1691803932189941,1.1694538593292236,0,0.0,0.0
106,2025-06-27 02:30:00+01:00,1.1694538593292236,1.1695905923843384,1.1690436601638794,1.1695905923843384,0,0.0,0.0
107,2025-06-27 02:45:00+01:00,1.1695905923843384,1.1706860065460205,1.1695905923843384,1.1704120635986328,0,0.0,0.0
108,2025-06-27 03:00:00+01:00,1.1704120635986328,1.1706860065460205,1.1702749729156494,1.1706860065460205,0,0.0,0.0
109,2025-06-27 03:15:00+01:00,1.170548915863037,1.170823097229004,1.1701380014419556,1.1701380014419556,0,0.0,0.0
110,2025-06-27 03:30:00+01:00,1.1701380014419556,1.1702749729156494,1.1690436601638794,1.169864296913147,0,0.0,0.0
111,2025-06-27 03:45:00+01:00,1.169864296913147,1.1704120635986328,1.169864296913147,1.1702749729156494,0,0.0,0.0
112,2025-06-27 04:00:00+01:00,1.1702749729156494,1.170823097229004,1.1702749729156494,1.170823097229004,0,0.0,0.0
113,2025-06-27 04:15:00+01:00,1.1706860065460205,1.1710972785949707,1.1706860065460205,1.1710972785949707,0,0.0,0.0
114,2025-06-27 04:30:00+01:00,1.1710972785949707,1.1710972785949707,1.170823097229004,1.170823097229004,0,0.0,0.0
115,2025-06-27 04:45:00+01:00,1.170823097229004,1.1709601879119873,1.169864296913147,1.169864296913147,0,0.0,0.0
116,2025-06-27 05:00:00+01:00,1.169864296913147,1.1701380014419556,1.1697274446487427,1.169864296913147,0,0.0,0.0
117,2025-06-27 05:15:00+01:00,1.169864296913147,1.169864296913147,1.1695905923843384,1.1695905923843384,0,0.0,0.0
118,2025-06-27 05:30:00+01:00,1.1695905923843384,1.1697274446487427,1.1693171262741089,1.1694538593292236,0,0.0,0.0
119,2025-06-27 05:45:00+01:00,1.1693171262741089,1.1694538593292236,1.1689070463180542,1.1689070463180542,0,0.0,0.0
120,2025-06-27 06:00:00+01:00,1.1691803932189941,1.1691803932189941,1.1689070463180542,1.1690436601638794,0,0.0,0.0
121,2025-06-27 06:15:00+01:00,1.1690436601638794,1.1693171262741089,1.1689070463180542,1.1693171262741089,0,0.0,0.0
122,2025-06-27 06:30:00+01:00,1.1693171262741089,1.1694538593292236,1.1690436601638794,1.1694538593292236,0,0.0,0.0
123,2025-06-27 06:45:00+01:00,1.1694538593292236,1.1697274446487427,1.1690436601638794,1.1691803932189941,0,0.0,0.0
124,2025-06-27 07:00:00+01:00,1.1691803932189941,1.1693171262741089,1.168770432472229,1.1693171262741089,0,0.0,0.0
125,2025-06-27 07:15:00+01:00,1.1695905923843384,1.1704120635986328,1.1695905923843384,1.1704120635986328,0,0.0,0.0
126,2025-06-27 07:30:00+01:00,1.170548915863037,1.1709601879119873,1.1701380014419556,1.1709601879119873,0,0.0,0.0
127,2025-06-27 07:45:00+01:00,1.1710972785949707,1.17205810546875,1.1710972785949707,1.17205810546875,0,0.0,0.0
128,2025-06-27 08:00:00+01:00,1.172333002090454,1.1730204820632935,1.1719207763671875,1.1728830337524414,0,0.0,0.0
129,2025-06-27 08:15:00+01:00,1.1726078987121582,1.1726078987121582,1.1712344884872437,1.1716461181640625,0,0.0,0.0
130,2025-06-27 08:30:00+01:00,1.171783447265625,1.17205810546875,1.1715089082717896,1.1719207763671875,0,0.0,0.0
131,2025-06-27 08:45:00+01:00,1.1719207763671875,1.17205810546875,1.1716461181640625,1.171783447265625,0,0.0,0.0
132,2025-06-27 09:00:00+01:00,1.172195553779602,1.1727453470230103,1.171783447265625,1.1724703311920166,0,0.0,0.0
133,2025-06-27 09:15:00+01:00,1.1724703311920166,1.1728830337524414,1.171783447265625,1.171783447265625,0,0.0,0.0
134,2025-06-27 09:30:00+01:00,1.1716461181640625,1.17205810546875,1.1715089082717896,1.171783447265625,0,0.0,0.0
135,2025-06-27 09:45:00+01:00,1.171783447265625,1.172195553779602,1.1712344884872437,1.1712344884872437,0,0.0,0.0
136,2025-06-27 10:00:00+01:00,1.1712344884872437,1.1712344884872437,1.170548915863037,1.170823097229004,0,0.0,0.0
137,2025-06-27 10:15:00+01:00,1.170823097229004,1.1713716983795166,1.170823097229004,1.1712344884872437,0,0.0,0.0
138,2025-06-27 10:30:00+01:00,1.1712344884872437,1.1712344884872437,1.1709601879119873,1.1709601879119873,0,0.0,0.0
139,2025-06-27 10:45:00+01:00,1.1710972785949707,1.1715089082717896,1.1710972785949707,1.1713716983795166,0,0.0,0.0
140,2025-06-27 11:00:00+01:00,1.1713716983795166,1.171783447265625,1.1713716983795166,1.1715089082717896,0,0.0,0.0
141,2025-06-27 11:15:00+01:00,1.1716461181640625,1.1716461181640625,1.170548915863037,1.1706860065460205,0,0.0,0.0
142,2025-06-27 11:30:00+01:00,1.1706860065460205,1.170823097229004,1.170548915863037,1.170823097229004,0,0.0,0.0
143,2025-06-27 11:45:00+01:00,1.1709601879119873,1.171783447265625,1.1709601879119873,1.171783447265625,0,0.0,0.0
144,2025-06-27 12:00:00+01:00,1.1716461181640625,1.172195553779602,1.1716461181640625,1.172195553779602,0,0.0,0.0
145,2025-06-27 12:15:00+01:00,1.172333002090454,1.172333002090454,1.171783447265625,1.171783447265625,0,0.0,0.0
146,2025-06-27 12:30:00+01:00,1.172333002090454,1.172333002090454,1.1716461181640625,1.17205810546875,0,0.0,0.0
147,2025-06-27 12:45:00+01:00,1.172195553779602,1.172195553779602,1.1715089082717896,1.171783447265625,0,0.0,0.0
148,2025-06-27 13:00:00+01:00,1.1713716983795166,1.171783447265625,1.170823097229004,1.171783447265625,0,0.0,0.0
149,2025-06-27 13:15:00+01:00,1.171783447265625,1.1724703311920166,1.1715089082717896,1.172333002090454,0,0.0,0.0
150,2025-06-27 13:30:00+01:00,1.1728830337524414,1.1741223335266113,1.1728830337524414,1.173433542251587,0,0.0,0.0
151,2025-06-27 13:45:00+01:00,1.1735711097717285,1.1750881671905518,1.1732958555221558,1.1749500036239624,0,0.0,0.0
152,2025-06-27 14:00:00+01:00,1.1752262115478516,1.1752262115478516,1.1737089157104492,1.1741223335266113,0,0.0,0.0
153,2025-06-27 14:15:00+01:00,1.1739845275878906,1.1742602586746216,1.1730204820632935,1.1730204820632935,0,0.0,0.0
154,2025-06-27 14:30:00+01:00,1.172195553779602,1.173433542251587,1.17205810546875,1.1730204820632935,0,0.0,0.0
155,2025-06-27 14:45:00+01:00,1.1732958555221558,1.173433542251587,1.1728830337524414,1.1732958555221558,0,0.0,0.0
156,2025-06-27 15:00:00+01:00,1.1730204820632935,1.1741223335266113,1.1730204820632935,1.1731581687927246,0,0.0,0.0
157,2025-06-27 15:15:00+01:00,1.1732958555221558,1.173433542251587,1.1724703311920166,1.1726078987121582,0,0.0,0.0
158,2025-06-27 15:30:00+01:00,1.172333002090454,1.1726078987121582,1.1719207763671875,1.1719207763671875,0,0.0,0.0
159,2025-06-27 15:45:00+01:00,1.171783447265625,1.172195553779602,1.1709601879119873,1.172195553779602,0,0.0,0.0
160,2025-06-27 16:00:00+01:00,1.172195553779602,1.172195553779602,1.1715089082717896,1.17205810546875,0,0.0,0.0
161,2025-06-27 16:15:00+01:00,1.1719207763671875,1.172195553779602,1.1716461181640625,1.1719207763671875,0,0.0,0.0
162,2025-06-27 16:30:00+01:00,1.171783447265625,1.1731581687927246,1.171783447265625,1.1731581687927246,0,0.0,0.0
163,2025-06-27 16:45:00+01:00,1.1730204820632935,1.173433542251587,1.1727453470230103,1.1727453470230103,0,0.0,0.0
164,2025-06-27 17:00:00+01:00,1.1726078987121582,1.1735711097717285,1.172333002090454,1.173433542251587,0,0.0,0.0
165,2025-06-27 17:15:00+01:00,1.173433542251587,1.173433542251587,1.1726078987121582,1.1730204820632935,0,0.0,0.0
166,2025-06-27 17:30:00+01:00,1.1728830337524414,1.1730204820632935,1.1724703311920166,1.1727453470230103,0,0.0,0.0
167,2025-06-27 17:45:00+01:00,1.1727453470230103,1.1727453470230103,1.172195553779602,1.1724703311920166,0,0.0,0.0
168,2025-06-27 18:00:00+01:00,1.172333002090454,1.1726078987121582,1.172333002090454,1.172333002090454,0,0.0,0.0
169,2025-06-27 18:15:00+01:00,1.172333002090454,1.1724703311920166,1.1713716983795166,1.1715089082717896,0,0.0,0.0
170,2025-06-27 18:30:00+01:00,1.1713716983795166,1.1715089082717896,1.1706860065460205,1.1706860065460205,0,0.0,0.0
171,2025-06-27 18:45:00+01:00,1.170548915863037,1.1710972785949707,1.169864296913147,1.170548915863037,0,0.0,0.0
172,2025-06-27 19:00:00+01:00,1.1706860065460205,1.1706860065460205,1.1694538593292236,1.169864296913147,0,0.0,0.0
173,2025-06-27 19:15:00+01:00,1.169864296913147,1.1701380014419556,1.1694538593292236,1.169864296913147,0,0.0,0.0
174,2025-06-27 19:30:00+01:00,1.1695905923843384,1.1697274446487427,1.1691803932189941,1.1695905923843384,0,0.0,0.0
175,2025-06-27 19:45:00+01:00,1.169864296913147,1.170548915863037,1.169864296913147,1.1702749729156494,0,0.0,0.0
176,2025-06-27 20:00:00+01:00,1.1702749729156494,1.1710972785949707,1.1702749729156494,1.170823097229004,0,0.0,0.0
177,2025-06-27 20:15:00+01:00,1.1709601879119873,1.1709601879119873,1.170548915863037,1.1709601879119873,0,0.0,0.0
178,2025-06-27 20:30:00+01:00,1.1709601879119873,1.1710972785949707,1.1706860065460205,1.170823097229004,0,0.0,0.0
179,2025-06-27 20:45:00+01:00,1.1709601879119873,1.1712344884872437,1.1706860065460205,1.1709601879119873,0,0.0,0.0
180,2025-06-27 21:00:00+01:00,1.1710972785949707,1.1715089082717896,1.1710972785949707,1.1715089082717896,0,0.0,0.0
181,2025-06-27 21:15:00+01:00,1.171783447265625,1.1719207763671875,1.171783447265625,1.171783447265625,0,0.0,0.0
182,2025-06-27 21:30:00+01:00,1.171783447265625,1.1719207763671875,1.171783447265625,1.1719207763671875,0,0.0,0.0
183,2025-06-27 21:45:00+01:00,1.1726078987121582,1.1727453470230103,1.17205810546875,1.172195553779602,0,0.0,0.0
184,2025-06-27 22:00:00+01:00,1.1719207763671875,1.1719207763671875,1.1719207763671875,1.1719207763671875,0,0.0,0.0
185,2025-06-27 22:15:00+01:00,1.1719207763671875,1.1719207763671875,1.1719207763671875,1.1719207763671875,0,0.0,0.0
186,2025-06-30 00:00:00+01:00,1.173433542251587,1.1739845275878906,1.173433542251587,1.1739845275878906,0,0.0,0.0
187,2025-06-30 00:15:00+01:00,1.1739845275878906,1.1741223335266113,1.1737089157104492,1.1737089157104492,0,0.0,0.0
188,2025-06-30 00:30:00+01:00,1.1735711097717285,1.1737089157104492,1.1732958555221558,1.173433542251587,0,0.0,0.0
189,2025-06-30 00:45:00+01:00,1.1737089157104492,1.1737089157104492,1.1730204820632935,1.1730204820632935,0,0.0,0.0
190,2025-06-30 01:00:00+01:00,1.1731581687927246,1.1731581687927246,1.1726078987121582,1.1728830337524414,0,0.0,0.0
191,2025-06-30 01:15:00+01:00,1.1727453470230103,1.1730204820632935,1.1727453470230103,1.1730204820632935,0,0.0,0.0
192,2025-06-30 01:30:00+01:00,1.1727453470230103,1.1727453470230103,1.172333002090454,1.172333002090454,0,0.0,0.0
193,2025-06-30 01:45:00+01:00,1.1724703311920166,1.1724703311920166,1.1719207763671875,1.172195553779602,0,0.0,0.0
194,2025-06-30 02:00:00+01:00,1.17205810546875,1.172333002090454,1.1719207763671875,1.172333002090454,0,0.0,0.0
195,2025-06-30 02:15:00+01:00,1.1724703311920166,1.1731581687927246,1.1724703311920166,1.1731581687927246,0,0.0,0.0
196,2025-06-30 02:30:00+01:00,1.1730204820632935,1.1737089157104492,1.1730204820632935,1.1735711097717285,0,0.0,0.0
197,2025-06-30 02:45:00+01:00,1.1735711097717285,1.1735711097717285,1.1724703311920166,1.1724703311920166,0,0.0,0.0
198,2025-06-30 03:00:00+01:00,1.1727453470230103,1.1727453470230103,1.172195553779602,1.1724703311920166,0,0.0,0.0
199,2025-06-30 03:15:00+01:00,1.1724703311920166,1.173433542251587,1.1724703311920166,1.1730204820632935,0,0.0,0.0
200,2025-06-30 03:30:00+01:00,1.1730204820632935,1.1731581687927246,1.1726078987121582,1.1726078987121582,0,0.0,0.0
201,2025-06-30 03:45:00+01:00,1.1726078987121582,1.1727453470230103,1.172195553779602,1.172333002090454,0,0.0,0.0
202,2025-06-30 04:00:00+01:00,1.17205810546875,1.1726078987121582,1.1719207763671875,1.1724703311920166,0,0.0,0.0
203,2025-06-30 04:15:00+01:00,1.172333002090454,1.1724703311920166,1.17205810546875,1.172195553779602,0,0.0,0.0
204,2025-06-30 04:30:00+01:00,1.172195553779602,1.172195553779602,1.1715089082717896,1.171783447265625,0,0.0,0.0
205,2025-06-30 04:45:00+01:00,1.171783447265625,1.1719207763671875,1.1716461181640625,1.1716461181640625,0,0.0,0.0
206,2025-06-30 05:00:00+01:00,1.1716461181640625,1.172195553779602,1.1716461181640625,1.1719207763671875,0,0.0,0.0
207,2025-06-30 05:15:00+01:00,1.1719207763671875,1.17205810546875,1.171783447265625,1.17205810546875,0,0.0,0.0
208,2025-06-30 05:30:00+01:00,1.1719207763671875,1.1728830337524414,1.1719207763671875,1.1728830337524414,0,0.0,0.0
209,2025-06-30 05:45:00+01:00,1.1727453470230103,1.173433542251587,1.1726078987121582,1.173433542251587,0,0.0,0.0
210,2025-06-30 06:00:00+01:00,1.173433542251587,1.1739845275878906,1.1732958555221558,1.17384672164917,0,0.0,0.0
211,2025-06-30 06:15:00+01:00,1.1739845275878906,1.1741223335266113,1.17384672164917,1.1739845275878906,0,0.0,0.0
212,2025-06-30 06:30:00+01:00,1.1739845275878906,1.1739845275878906,1.1735711097717285,1.1735711097717285,0,0.0,0.0
213,2025-06-30 06:45:00+01:00,1.1735711097717285,1.1735711097717285,1.1727453470230103,1.1728830337524414,0,0.0,0.0
214,2025-06-30 07:00:00+01:00,1.1728830337524414,1.1732958555221558,1.1727453470230103,1.1732958555221558,0,0.0,0.0
215,2025-06-30 07:15:00+01:00,1.1730204820632935,1.1735711097717285,1.1724703311920166,1.173433542251587,0,0.0,0.0
216,2025-06-30 07:30:00+01:00,1.1731581687927246,1.1742602586746216,1.1731581687927246,1.1742602586746216,0,0.0,0.0
217,2025-06-30 07:45:00+01:00,1.1739845275878906,1.175364375114441,1.17384672164917,1.1748120784759521,0,0.0,0.0
218,2025-06-30 08:00:00+01:00,1.1745359897613525,1.1745359897613525,1.1735711097717285,1.1741223335266113,0,0.0,0.0
219,2025-06-30 08:15:00+01:00,1.1742602586746216,1.1742602586746216,1.173433542251587,1.173433542251587,0,0.0,0.0
220,2025-06-30 08:30:00+01:00,1.1728830337524414,1.17384672164917,1.1728830337524414,1.1737089157104492,0,0.0,0.0
221,2025-06-30 08:45:00+01:00,1.1735711097717285,1.1737089157104492,1.1728830337524414,1.1728830337524414,0,0.0,0.0
222,2025-06-30 09:00:00+01:00,1.1727453470230103,1.1728830337524414,1.172195553779602,1.172333002090454,0,0.0,0.0
223,2025-06-30 09:15:00+01:00,1.172333002090454,1.1726078987121582,1.172195553779602,1.172195553779602,0,0.0,0.0
224,2025-06-30 09:30:00+01:00,1.172195553779602,1.1728830337524414,1.172195553779602,1.1726078987121582,0,0.0,0.0
225,2025-06-30 09:45:00+01:00,1.1727453470230103,1.1732958555221558,1.1724703311920166,1.1732958555221558,0,0.0,0.0
226,2025-06-30 10:00:00+01:00,1.1730204820632935,1.1731581687927246,1.1727453470230103,1.1728830337524414,0,0.0,0.0
227,2025-06-30 10:15:00+01:00,1.1730204820632935,1.1735711097717285,1.1727453470230103,1.1731581687927246,0,0.0,0.0
228,2025-06-30 10:30:00+01:00,1.1732958555221558,1.1732958555221558,1.172333002090454,1.1724703311920166,0,0.0,0.0
229,2025-06-30 10:45:00+01:00,1.172333002090454,1.1724703311920166,1.17205810546875,1.172333002090454,0,0.0,0.0
230,2025-06-30 11:00:00+01:00,1.17205810546875,1.172333002090454,1.17205810546875,1.172333002090454,0,0.0,0.0
231,2025-06-30 11:15:00+01:00,1.172195553779602,1.1727453470230103,1.172195553779602,1.1726078987121582,0,0.0,0.0
232,2025-06-30 11:30:00+01:00,1.1726078987121582,1.1726078987121582,1.172195553779602,1.172195553779602,0,0.0,0.0
233,2025-06-30 11:45:00+01:00,1.172195553779602,1.1728830337524414,1.172195553779602,1.1728830337524414,0,0.0,0.0
234,2025-06-30 12:00:00+01:00,1.1728830337524414,1.1732958555221558,1.1727453470230103,1.1731581687927246,0,0.0,0.0
235,2025-06-30 12:15:00+01:00,1.1730204820632935,1.173433542251587,1.1727453470230103,1.1732958555221558,0,0.0,0.0
236,2025-06-30 12:30:00+01:00,1.1730204820632935,1.1732958555221558,1.1727453470230103,1.1727453470230103,0,0.0,0.0
237,2025-06-30 12:45:00+01:00,1.1728830337524414,1.1732958555221558,1.1726078987121582,1.1726078987121582,0,0.0,0.0
238,2025-06-30 13:00:00+01:00,1.1728830337524414,1.1728830337524414,1.17205810546875,1.17205810546875,0,0.0,0.0
239,2025-06-30 13:15:00+01:00,1.1719207763671875,1.17205810546875,1.1716461181640625,1.171783447265625,0,0.0,0.0
240,2025-06-30 13:30:00+01:00,1.1716461181640625,1.171783447265625,1.1712344884872437,1.1715089082717896,0,0.0,0.0
241,2025-06-30 13:45:00+01:00,1.1716461181640625,1.1719207763671875,1.1715089082717896,1.1716461181640625,0,0.0,0.0
242,2025-06-30 14:00:00+01:00,1.171783447265625,1.17205810546875,1.1716461181640625,1.17205810546875,0,0.0,0.0
243,2025-06-30 14:15:00+01:00,1.17205810546875,1.172333002090454,1.171783447265625,1.17205810546875,0,0.0,0.0
244,2025-06-30 14:30:00+01:00,1.172333002090454,1.1724703311920166,1.1719207763671875,1.172195553779602,0,0.0,0.0
245,2025-06-30 14:45:00+01:00,1.17205810546875,1.172195553779602,1.171783447265625,1.172195553779602,0,0.0,0.0
246,2025-06-30 15:00:00+01:00,1.172333002090454,1.1728830337524414,1.1715089082717896,1.1727453470230103,0,0.0,0.0
247,2025-06-30 15:15:00+01:00,1.1728830337524414,1.1739845275878906,1.1728830337524414,1.17384672164917,0,0.0,0.0
248,2025-06-30 15:30:00+01:00,1.1739845275878906,1.1750881671905518,1.17384672164917,1.1749500036239624,0,0.0,0.0
249,2025-06-30 15:45:00+01:00,1.1750881671905518,1.1750881671905518,1.173433542251587,1.1742602586746216,0,0.0,0.0
250,2025-06-30 16:00:00+01:00,1.17384672164917,1.1752262115478516,1.17384672164917,1.1752262115478516,0,0.0,0.0
251,2025-06-30 16:15:00+01:00,1.175364375114441,1.1756407022476196,1.1746740341186523,1.1748120784759521,0,0.0,0.0
252,2025-06-30 16:30:00+01:00,1.1749500036239624,1.1757789850234985,1.1748120784759521,1.1756407022476196,0,0.0,0.0
253,2025-06-30 16:45:00+01:00,1.1756407022476196,1.1774401664733887,1.1756407022476196,1.1774401664733887,0,0.0,0.0
254,2025-06-30 17:00:00+01:00,1.177024483680725,1.1773016452789307,1.1763322353363037,1.1764705181121826,0,0.0,0.0
255,2025-06-30 17:15:00+01:00,1.1766090393066406,1.176885962486267,1.1756407022476196,1.1759172677993774,0,0.0,0.0
256,2025-06-30 17:30:00+01:00,1.1759172677993774,1.1761938333511353,1.175364375114441,1.1761938333511353,0,0.0,0.0
257,2025-06-30 17:45:00+01:00,1.1760554313659668,1.1766090393066406,1.1760554313659668,1.1766090393066406,0,0.0,0.0
258,2025-06-30 18:00:00+01:00,1.1766090393066406,1.177163004875183,1.1766090393066406,1.176885962486267,0,0.0,0.0
259,2025-06-30 18:15:00+01:00,1.176885962486267,1.1774401664733887,1.176885962486267,1.177024483680725,0,0.0,0.0
260,2025-06-30 18:30:00+01:00,1.177163004875183,1.177163004875183,1.1764705181121826,1.1766090393066406,0,0.0,0.0
261,2025-06-30 18:45:00+01:00,1.176747441291809,1.177024483680725,1.1766090393066406,1.177024483680725,0,0.0,0.0
262,2025-06-30 19:00:00+01:00,1.177024483680725,1.1775789260864258,1.176885962486267,1.1773016452789307,0,0.0,0.0
263,2025-06-30 19:15:00+01:00,1.1773016452789307,1.1782727241516113,1.1773016452789307,1.1782727241516113,0,0.0,0.0
264,2025-06-30 19:30:00+01:00,1.1782727241516113,1.1782727241516113,1.1778563261032104,1.1778563261032104,0,0.0,0.0
265,2025-06-30 19:45:00+01:00,1.1778563261032104,1.177994966506958,1.1777175664901733,1.177994966506958,0,0.0,0.0
266,2025-06-30 20:00:00+01:00,1.1775789260864258,1.1782727241516113,1.1775789260864258,1.177994966506958,0,0.0,0.0
267,2025-06-30 20:15:00+01:00,1.1778563261032104,1.1781338453292847,1.1778563261032104,1.1778563261032104,0,0.0,0.0
268,2025-06-30 20:30:00+01:00,1.1778563261032104,1.177994966506958,1.1778563261032104,1.177994966506958,0,0.0,0.0
269,2025-06-30 20:45:00+01:00,1.177994966506958,1.1784114837646484,1.177994966506958,1.1784114837646484,0,0.0,0.0
270,2025-06-30 21:00:00+01:00,1.1782727241516113,1.1786893606185913,1.1782727241516113,1.1786893606185913,0,0.0,0.0
271,2025-06-30 21:15:00+01:00,1.178550362586975,1.178828239440918,1.178550362586975,1.178828239440918,0,0.0,0.0
272,2025-06-30 21:30:00+01:00,1.178828239440918,1.178828239440918,1.1786893606185913,1.178828239440918,0,0.0,0.0
273,2025-06-30 21:45:00+01:00,1.178828239440918,1.1792453527450562,1.1784114837646484,1.1791062355041504,0,0.0,0.0
274,2025-06-30 22:00:00+01:00,1.1793843507766724,1.1793843507766724,1.1784114837646484,1.178550362586975,0,0.0,0.0
275,2025-06-30 22:15:00+01:00,1.1784114837646484,1.1789672374725342,1.1781338453292847,1.178550362586975,0,0.0,0.0
276,2025-06-30 22:30:00+01:00,1.1786893606185913,1.1789672374725342,1.1784114837646484,1.1786893606185913,0,0.0,0.0
277,2025-06-30 22:45:00+01:00,1.1786893606185913,1.178828239440918,1.178550362586975,1.1786893606185913,0,0.0,0.0
278,2025-06-30 23:00:00+01:00,1.1791062355041504,1.1791062355041504,1.178550362586975,1.178828239440918,0,0.0,0.0
279,2025-06-30 23:15:00+01:00,1.1786893606185913,1.1792453527450562,1.1786893606185913,1.1792453527450562,0,0.0,0.0
280,2025-06-30 23:30:00+01:00,1.1793843507766724,1.1793843507766724,1.1789672374725342,1.1791062355041504,0,0.0,0.0
281,2025-06-30 23:45:00+01:00,1.1791062355041504,1.1792453527450562,1.178828239440918,1.178828239440918,0,0.0,0.0
282,2025-07-01 00:00:00+01:00,1.178828239440918,1.1791062355041504,1.178828239440918,1.1789672374725342,0,0.0,0.0
283,2025-07-01 00:15:00+01:00,1.1789672374725342,1.1791062355041504,1.178828239440918,1.1789672374725342,0,0.0,0.0
284,2025-07-01 00:30:00+01:00,1.1789672374725342,1.1789672374725342,1.1786893606185913,1.1786893606185913,0,0.0,0.0
285,2025-07-01 00:45:00+01:00,1.1786893606185913,1.1789672374725342,1.1786893606185913,1.1789672374725342,0,0.0,0.0
286,2025-07-01 01:00:00+01:00,1.1793843507766724,1.1796625852584839,1.1791062355041504,1.1795234680175781,0,0.0,0.0
287,2025-07-01 01:15:00+01:00,1.1798018217086792,1.1798018217086792,1.1791062355041504,1.1795234680175781,0,0.0,0.0
288,2025-07-01 01:30:00+01:00,1.1796625852584839,1.1798018217086792,1.1795234680175781,1.1795234680175781,0,0.0,0.0
289,2025-07-01 01:45:00+01:00,1.1793843507766724,1.1800801753997803,1.1793843507766724,1.1800801753997803,0,0.0,0.0
290,2025-07-01 02:00:00+01:00,1.1800801753997803,1.1800801753997803,1.1796625852584839,1.179940938949585,0,0.0,0.0
291,2025-07-01 02:15:00+01:00,1.179940938949585,1.1809163093566895,1.1798018217086792,1.1798018217086792,0,0.0,0.0
292,2025-07-01 02:30:00+01:00,1.1796625852584839,1.1796625852584839,1.178828239440918,1.1792453527450562,0,0.0,0.0
293,2025-07-01 02:45:00+01:00,1.1791062355041504,1.1791062355041504,1.1784114837646484,1.1784114837646484,0,0.0,0.0
294,2025-07-01 03:00:00+01:00,1.1782727241516113,1.178550362586975,1.1782727241516113,1.1784114837646484,0,0.0,0.0
295,2025-07-01 03:15:00+01:00,1.1784114837646484,1.1786893606185913,1.1784114837646484,1.178550362586975,0,0.0,0.0
296,2025-07-01 03:30:00+01:00,1.178550362586975,1.178828239440918,1.1784114837646484,1.1786893606185913,0,0.0,0.0
297,2025-07-01 03:45:00+01:00,1.1786893606185913,1.1792453527450562,1.1786893606185913,1.1792453527450562,0,0.0,0.0
298,2025-07-01 04:00:00+01:00,1.1791062355041504,1.1795234680175781,1.1791062355041504,1.1795234680175781,0,0.0,0.0
299,2025-07-01 04:15:00+01:00,1.1795234680175781,1.1798018217086792,1.1793843507766724,1.1793843507766724,0,0.0,0.0
300,2025-07-01 04:30:00+01:00,1.1792453527450562,1.1796625852584839,1.1791062355041504,1.1795234680175781,0,0.0,0.0
301,2025-07-01 04:45:00+01:00,1.1796625852584839,1.1796625852584839,1.1791062355041504,1.1792453527450562,0,0.0,0.0
302,2025-07-01 05:00:00+01:00,1.1793843507766724,1.1796625852584839,1.1789672374725342,1.1796625852584839,0,0.0,0.0
303,2025-07-01 05:15:00+01:00,1.1795234680175781,1.1796625852584839,1.1793843507766724,1.1793843507766724,0,0.0,0.0
304,2025-07-01 05:30:00+01:00,1.1793843507766724,1.1793843507766724,1.178828239440918,1.178828239440918,0,0.0,0.0
305,2025-07-01 05:45:00+01:00,1.1789672374725342,1.1791062355041504,1.1786893606185913,1.1789672374725342,0,0.0,0.0
306,2025-07-01 06:00:00+01:00,1.1789672374725342,1.1791062355041504,1.178828239440918,1.178828239440918,0,0.0,0.0
307,2025-07-01 06:15:00+01:00,1.178828239440918,1.1791062355041504,1.178550362586975,1.1791062355041504,0,0.0,0.0
308,2025-07-01 06:30:00+01:00,1.1792453527450562,1.1792453527450562,1.1786893606185913,1.178828239440918,0,0.0,0.0
309,2025-07-01 06:45:00+01:00,1.178550362586975,1.1791062355041504,1.1784114837646484,1.1789672374725342,0,0.0,0.0
310,2025-07-01 07:00:00+01:00,1.178828239440918,1.178828239440918,1.1781338453292847,1.1782727241516113,0,0.0,0.0
311,2025-07-01 07:15:00+01:00,1.1784114837646484,1.178550362586975,1.177994966506958,1.178550362586975,0,0.0,0.0
312,2025-07-01 07:30:00+01:00,1.1784114837646484,1.1786893606185913,1.1781338453292847,1.1786893606185913,0,0.0,0.0
313,2025-07-01 07:45:00+01:00,1.178828239440918,1.1789672374725342,1.1782727241516113,1.1782727241516113,0,0.0,0.0
314,2025-07-01 08:00:00+01:00,1.1782727241516113,1.1786893606185913,1.1773016452789307,1.1786893606185913,0,0.0,0.0
315,2025-07-01 08:15:00+01:00,1.178550362586975,1.1791062355041504,1.178550362586975,1.178828239440918,0,0.0,0.0
316,2025-07-01 08:30:00+01:00,1.1789672374725342,1.1789672374725342,1.178550362586975,1.178550362586975,0,0.0,0.0
317,2025-07-01 08:45:00+01:00,1.1784114837646484,1.1789672374725342,1.1782727241516113,1.1789672374725342,0,0.0,0.0
318,2025-07-01 09:00:00+01:00,1.1786893606185913,1.1786893606185913,1.1778563261032104,1.177994966506958,0,0.0,0.0
319,2025-07-01 09:15:00+01:00,1.1781338453292847,1.1791062355041504,1.1781338453292847,1.1791062355041504,0,0.0,0.0
320,2025-07-01 09:30:00+01:00,1.1791062355041504,1.1800801753997803,1.1789672374725342,1.1796625852584839,0,0.0,0.0
321,2025-07-01 09:45:00+01:00,1.1796625852584839,1.1818934679031372,1.1796625852584839,1.1809163093566895,0,0.0,0.0
322,2025-07-01 10:00:00+01:00,1.1806375980377197,1.1807769536972046,1.1800801753997803,1.1804981231689453,0,0.0,0.0
323,2025-07-01 10:15:00+01:00,1.1809163093566895,1.1821727752685547,1.1809163093566895,1.1818934679031372,0,0.0,0.0
324,2025-07-01 10:30:00+01:00,1.1824523210525513,1.1831519603729248,1.1823126077651978,1.1824523210525513,0,0.0,0.0
325,2025-07-01 10:45:00+01:00,1.1825922727584839,1.182732105255127,1.1817537546157837,1.1817537546157837,0,0.0,0.0
326,2025-07-01 11:00:00+01:00,1.1820330619812012,1.1825922727584839,1.1816140413284302,1.1825922727584839,0,0.0,0.0
327,2025-07-01 11:15:00+01:00,1.1824523210525513,1.1824523210525513,1.1816140413284302,1.1816140413284302,0,0.0,0.0
328,2025-07-01 11:30:00+01:00,1.1818934679031372,1.1820330619812012,1.1814744472503662,1.1818934679031372,0,0.0,0.0
329,2025-07-01 11:45:00+01:00,1.1817537546157837,1.1821727752685547,1.1816140413284302,1.1816140413284302,0,0.0,0.0
330,2025-07-01 12:00:00+01:00,1.1814744472503662,1.1817537546157837,1.1811953783035278,1.1813349723815918,0,0.0,0.0
331,2025-07-01 12:15:00+01:00,1.1813349723815918,1.1813349723815918,1.1809163093566895,1.1810559034347534,0,0.0,0.0
332,2025-07-01 12:30:00+01:00,1.1811953783035278,1.1820330619812012,1.1811953783035278,1.1820330619812012,0,0.0,0.0
333,2025-07-01 12:45:00+01:00,1.1821727752685547,1.1821727752685547,1.1817537546157837,1.1817537546157837,0,0.0,0.0
334,2025-07-01 13:00:00+01:00,1.1818934679031372,1.1820330619812012,1.1810559034347534,1.1813349723815918,0,0.0,0.0
335,2025-07-01 13:15:00+01:00,1.1814744472503662,1.1816140413284302,1.1813349723815918,1.1813349723815918,0,0.0,0.0
336,2025-07-01 13:30:00+01:00,1.1811953783035278,1.1814744472503662,1.1811953783035278,1.1811953783035278,0,0.0,0.0
337,2025-07-01 13:45:00+01:00,1.1809163093566895,1.1810559034347534,1.1806375980377197,1.1806375980377197,0,0.0,0.0
338,2025-07-01 14:00:00+01:00,1.1806375980377197,1.1809163093566895,1.1804981231689453,1.1804981231689453,0,0.0,0.0
339,2025-07-01 14:15:00+01:00,1.1804981231689453,1.1806375980377197,1.1800801753997803,1.1802195310592651,0,0.0,0.0
340,2025-07-01 14:30:00+01:00,1.179940938949585,1.1809163093566895,1.179940938949585,1.18035888671875,0,0.0,0.0
341,2025-07-01 14:45:00+01:00,1.179940938949585,1.1810559034347534,1.1798018217086792,1.1809163093566895,0,0.0,0.0
342,2025-07-01 15:00:00+01:00,1.1791062355041504,1.1798018217086792,1.1786893606185913,1.1789672374725342,0,0.0,0.0
343,2025-07-01 15:15:00+01:00,1.1795234680175781,1.18035888671875,1.1793843507766724,1.1796625852584839,0,0.0,0.0
344,2025-07-01 15:30:00+01:00,1.1796625852584839,1.179940938949585,1.177994966506958,1.1789672374725342,0,0.0,0.0
345,2025-07-01 15:45:00+01:00,1.178828239440918,1.1789672374725342,1.1782727241516113,1.178550362586975,0,0.0,0.0
346,2025-07-01 16:00:00+01:00,1.1781338453292847,1.1781338453292847,1.1777175664901733,1.1777175664901733,0,0.0,0.0
347,2025-07-01 16:15:00+01:00,1.1777175664901733,1.1782727241516113,1.1773016452789307,1.1775789260864258,0,0.0,0.0
348,2025-07-01 16:30:00+01:00,1.1773016452789307,1.1782727241516113,1.1773016452789307,1.1777175664901733,0,0.0,0.0
349,2025-07-01 16:45:00+01:00,1.1777175664901733,1.177994966506958,1.1775789260864258,1.177994966506958,0,0.0,0.0
350,2025-07-01 17:00:00+01:00,1.1777175664901733,1.1778563261032104,1.176885962486267,1.1773016452789307,0,0.0,0.0
351,2025-07-01 17:15:00+01:00,1.1773016452789307,1.1774401664733887,1.1766090393066406,1.176747441291809,0,0.0,0.0
352,2025-07-01 17:30:00+01:00,1.176747441291809,1.177163004875183,1.176747441291809,1.176747441291809,0,0.0,0.0
353,2025-07-01 17:45:00+01:00,1.1766090393066406,1.176885962486267,1.1764705181121826,1.176747441291809,0,0.0,0.0
354,2025-07-01 18:00:00+01:00,1.177163004875183,1.1775789260864258,1.177024483680725,1.1775789260864258,0,0.0,0.0
355,2025-07-01 18:15:00+01:00,1.1775789260864258,1.1782727241516113,1.1773016452789307,1.1781338453292847,0,0.0,0.0
356,2025-07-01 18:30:00+01:00,1.1781338453292847,1.178550362586975,1.1781338453292847,1.1782727241516113,0,0.0,0.0
357,2025-07-01 18:45:00+01:00,1.1782727241516113,1.1786893606185913,1.1782727241516113,1.1786893606185913,0,0.0,0.0
358,2025-07-01 19:00:00+01:00,1.178550362586975,1.178550362586975,1.1782727241516113,1.1782727241516113,0,0.0,0.0
359,2025-07-01 19:15:00+01:00,1.1782727241516113,1.1782727241516113,1.1778563261032104,1.1781338453292847,0,0.0,0.0
360,2025-07-01 19:30:00+01:00,1.177994966506958,1.1781338453292847,1.1778563261032104,1.177994966506958,0,0.0,0.0
361,2025-07-01 19:45:00+01:00,1.177994966506958,1.1782727241516113,1.1778563261032104,1.1782727241516113,0,0.0,0.0
362,2025-07-01 20:00:00+01:00,1.1784114837646484,1.1793843507766724,1.1784114837646484,1.1793843507766724,0,0.0,0.0
363,2025-07-01 20:15:00+01:00,1.1792453527450562,1.1792453527450562,1.178828239440918,1.178828239440918,0,0.0,0.0
364,2025-07-01 20:30:00+01:00,1.1786893606185913,1.178828239440918,1.178550362586975,1.178828239440918,0,0.0,0.0
365,2025-07-01 20:45:00+01:00,1.1789672374725342,1.1793843507766724,1.178828239440918,1.1793843507766724,0,0.0,0.0
366,2025-07-01 21:00:00+01:00,1.1796625852584839,1.1800801753997803,1.1796625852584839,1.179940938949585,0,0.0,0.0
367,2025-07-01 21:15:00+01:00,1.1798018217086792,1.1804981231689453,1.1796625852584839,1.1804981231689453,0,0.0,0.0
368,2025-07-01 21:30:00+01:00,1.1806375980377197,1.1807769536972046,1.18035888671875,1.1806375980377197,0,0.0,0.0
369,2025-07-01 21:45:00+01:00,1.1807769536972046,1.1810559034347534,1.1806375980377197,1.1809163093566895,0,0.0,0.0
370,2025-07-01 22:00:00+01:00,1.1806375980377197,1.1807769536972046,1.1802195310592651,1.1806375980377197,0,0.0,0.0
371,2025-07-01 22:15:00+01:00,1.1804981231689453,1.1806375980377197,1.1804981231689453,1.1806375980377197,0,0.0,0.0
372,2025-07-01 22:30:00+01:00,1.1806375980377197,1.1807769536972046,1.1804981231689453,1.1806375980377197,0,0.0,0.0
373,2025-07-01 22:45:00+01:00,1.1807769536972046,1.1807769536972046,1.1807769536972046,1.1807769536972046,0,0.0,0.0
374,2025-07-01 23:00:00+01:00,1.1809163093566895,1.1809163093566895,1.1807769536972046,1.1809163093566895,0,0.0,0.0
375,2025-07-01 23:15:00+01:00,1.1807769536972046,1.1809163093566895,1.1806375980377197,1.1807769536972046,0,0.0,0.0
376,2025-07-01 23:30:00+01:00,1.1807769536972046,1.1809163093566895,1.1807769536972046,1.1809163093566895,0,0.0,0.0
377,2025-07-01 23:45:00+01:00,1.1809163093566895,1.1809163093566895,1.1806375980377197,1.1806375980377197,0,0.0,0.0
378,2025-07-02 00:00:00+01:00,1.1806375980377197,1.1807769536972046,1.18035888671875,1.1806375980377197,0,0.0,0.0
379,2025-07-02 00:15:00+01:00,1.1807769536972046,1.1807769536972046,1.18035888671875,1.1806375980377197,0,0.0,0.0
380,2025-07-02 00:30:00+01:00,1.1804981231689453,1.1809163093566895,1.1804981231689453,1.1809163093566895,0,0.0,0.0
381,2025-07-02 00:45:00+01:00,1.1809163093566895,1.1809163093566895,1.1807769536972046,1.1809163093566895,0,0.0,0.0
382,2025-07-02 01:00:00+01:00,1.1807769536972046,1.1807769536972046,1.18035888671875,1.1804981231689453,0,0.0,0.0
383,2025-07-02 01:15:00+01:00,1.1804981231689453,1.1807769536972046,1.18035888671875,1.18035888671875,0,0.0,0.0
384,2025-07-02 01:30:00+01:00,1.18035888671875,1.1804981231689453,1.18035888671875,1.1804981231689453,0,0.0,0.0
385,2025-07-02 01:45:00+01:00,1.1804981231689453,1.1811953783035278,1.1804981231689453,1.1810559034347534,0,0.0,0.0
386,2025-07-02 02:00:00+01:00,1.1810559034347534,1.1811953783035278,1.1807769536972046,1.1810559034347534,0,0.0,0.0
387,2025-07-02 02:15:00+01:00,1.1810559034347534,1.1811953783035278,1.1810559034347534,1.1811953783035278,0,0.0,0.0
388,2025-07-02 02:30:00+01:00,1.1811953783035278,1.1811953783035278,1.1809163093566895,1.1811953783035278,0,0.0,0.0
389,2025-07-02 02:45:00+01:00,1.1813349723815918,1.1813349723815918,1.1796625852584839,1.1796625852584839,0,0.0,0.0
390,2025-07-02 03:00:00+01:00,1.1798018217086792,1.1798018217086792,1.1792453527450562,1.1796625852584839,0,0.0,0.0
391,2025-07-02 03:15:00+01:00,1.1798018217086792,1.1802195310592651,1.1796625852584839,1.1802195310592651,0,0.0,0.0
392,2025-07-02 03:30:00+01:00,1.1802195310592651,1.18035888671875,1.1800801753997803,1.1802195310592651,0,0.0,0.0
393,2025-07-02 03:45:00+01:00,1.1802195310592651,1.1804981231689453,1.1802195310592651,1.18035888671875,0,0.0,0.0
394,2025-07-02 04:00:00+01:00,1.1802195310592651,1.1806375980377197,1.1800801753997803,1.1804981231689453,0,0.0,0.0
395,2025-07-02 04:15:00+01:00,1.1806375980377197,1.1806375980377197,1.1802195310592651,1.1802195310592651,0,0.0,0.0
396,2025-07-02 04:30:00+01:00,1.1802195310592651,1.18035888671875,1.1802195310592651,1.1802195310592651,0,0.0,0.0
397,2025-07-02 04:45:00+01:00,1.1802195310592651,1.18035888671875,1.179940938949585,1.18035888671875,0,0.0,0.0
398,2025-07-02 05:00:00+01:00,1.18035888671875,1.1804981231689453,1.1802195310592651,1.18035888671875,0,0.0,0.0
399,2025-07-02 05:15:00+01:00,1.18035888671875,1.18035888671875,1.1802195310592651,1.1802195310592651,0,0.0,0.0
400,2025-07-02 05:30:00+01:00,1.1800801753997803,1.1800801753997803,1.179940938949585,1.1800801753997803,0,0.0,0.0
401,2025-07-02 05:45:00+01:00,1.1800801753997803,1.1800801753997803,1.179940938949585,1.179940938949585,0,0.0,0.0
402,2025-07-02 06:00:00+01:00,1.179940938949585,1.1800801753997803,1.1793843507766724,1.1795234680175781,0,0.0,0.0
403,2025-07-02 06:15:00+01:00,1.1795234680175781,1.1795234680175781,1.1791062355041504,1.1795234680175781,0,0.0,0.0
404,2025-07-02 06:30:00+01:00,1.1796625852584839,1.179940938949585,1.1796625852584839,1.1798018217086792,0,0.0,0.0
405,2025-07-02 06:45:00+01:00,1.1796625852584839,1.1796625852584839,1.1789672374725342,1.1791062355041504,0,0.0,0.0
406,2025-07-02 07:00:00+01:00,1.1792453527450562,1.1796625852584839,1.1791062355041504,1.1793843507766724,0,0.0,0.0
407,2025-07-02 07:15:00+01:00,1.1795234680175781,1.1796625852584839,1.178828239440918,1.1789672374725342,0,0.0,0.0
408,2025-07-02 07:30:00+01:00,1.1789672374725342,1.1789672374725342,1.1782727241516113,1.178550362586975,0,0.0,0.0
409,2025-07-02 07:45:00+01:00,1.1784114837646484,1.178550362586975,1.1777175664901733,1.178550362586975,0,0.0,0.0
410,2025-07-02 08:00:00+01:00,1.1784114837646484,1.1786893606185913,1.177994966506958,1.1786893606185913,0,0.0,0.0
411,2025-07-02 08:15:00+01:00,1.178550362586975,1.1786893606185913,1.1781338453292847,1.1781338453292847,0,0.0,0.0
412,2025-07-02 08:30:00+01:00,1.177994966506958,1.178550362586975,1.1775789260864258,1.1781338453292847,0,0.0,0.0
413,2025-07-02 08:45:00+01:00,1.1781338453292847,1.1784114837646484,1.1777175664901733,1.1777175664901733,0,0.0,0.0
414,2025-07-02 09:00:00+01:00,1.1775789260864258,1.1781338453292847,1.1775789260864258,1.177994966506958,0,0.0,0.0
415,2025-07-02 09:15:00+01:00,1.177994966506958,1.177994966506958,1.1774401664733887,1.177994966506958,0,0.0,0.0
416,2025-07-02 09:30:00+01:00,1.177994966506958,1.1782727241516113,1.1778563261032104,1.1782727241516113,0,0.0,0.0
417,2025-07-02 09:45:00+01:00,1.1781338453292847,1.1784114837646484,1.1777175664901733,1.177994966506958,0,0.0,0.0
418,2025-07-02 10:00:00+01:00,1.177994966506958,1.1782727241516113,1.1775789260864258,1.1775789260864258,0,0.0,0.0
419,2025-07-02 10:15:00+01:00,1.1775789260864258,1.1777175664901733,1.177163004875183,1.1773016452789307,0,0.0,0.0
420,2025-07-02 10:30:00+01:00,1.177163004875183,1.1775789260864258,1.177163004875183,1.1775789260864258,0,0.0,0.0
421,2025-07-02 10:45:00+01:00,1.1774401664733887,1.1778563261032104,1.177163004875183,1.1773016452789307,0,0.0,0.0
422,2025-07-02 11:00:00+01:00,1.1774401664733887,1.1784114837646484,1.1774401664733887,1.1782727241516113,0,0.0,0.0
423,2025-07-02 11:15:00+01:00,1.1784114837646484,1.1784114837646484,1.1775789260864258,1.1775789260864258,0,0.0,0.0
424,2025-07-02 11:30:00+01:00,1.1777175664901733,1.1781338453292847,1.1777175664901733,1.1781338453292847,0,0.0,0.0
425,2025-07-02 11:45:00+01:00,1.1777175664901733,1.1777175664901733,1.176885962486267,1.177024483680725,0,0.0,0.0
426,2025-07-02 12:00:00+01:00,1.177163004875183,1.1774401664733887,1.177024483680725,1.1773016452789307,0,0.0,0.0
427,2025-07-02 12:15:00+01:00,1.1773016452789307,1.1773016452789307,1.176747441291809,1.176885962486267,0,0.0,0.0
428,2025-07-02 12:30:00+01:00,1.176747441291809,1.176747441291809,1.1759172677993774,1.1761938333511353,0,0.0,0.0
429,2025-07-02 12:45:00+01:00,1.1759172677993774,1.1761938333511353,1.1752262115478516,1.1752262115478516,0,0.0,0.0
430,2025-07-02 13:00:00+01:00,1.1749500036239624,1.1760554313659668,1.1749500036239624,1.1757789850234985,0,0.0,0.0
431,2025-07-02 13:15:00+01:00,1.1775789260864258,1.177994966506958,1.1775789260864258,1.1778563261032104,0,0.0,0.0
