Date,Open,High,Low,Close,Volume,Dividends,Stock Splits
2025-01-02 00:00:00+00:00,1.0351860523223877,1.0375596284866333,1.0231853723526,1.0351860523223877,0,0.0,0.0
2025-01-03 00:00:00+00:00,1.0268205404281616,1.0305347442626953,1.0265464782714844,1.0268205404281616,0,0.0,0.0
2025-01-06 00:00:00+00:00,1.0305347442626953,1.0435036420822144,1.029632806777954,1.0305347442626953,0,0.0,0.0
2025-01-07 00:00:00+00:00,1.0386372804641724,1.043623447418213,1.035947322845459,1.0386372804641724,0,0.0,0.0
2025-01-08 00:00:00+00:00,1.034554123878479,1.0358400344848633,1.0276752710342407,1.034554123878479,0,0.0,0.0
2025-01-09 00:00:00+00:00,1.0314701795578003,1.0323113203048706,1.0286160707473755,1.0314701795578003,0,0.0,0.0
2025-01-10 00:00:00+00:00,1.0297601222991943,1.0311936140060425,1.0221186876296997,1.0297601222991943,0,0.0,0.0
2025-01-13 00:00:00+00:00,1.0244431495666504,1.025020718574524,1.0183818340301514,1.0244431495666504,0,0.0,0.0
2025-01-14 00:00:00+00:00,1.0265253782272339,1.0303966999053955,1.0239711999893188,1.0265253782272339,0,0.0,0.0
2025-01-15 00:00:00+00:00,1.0306835174560547,1.0350252389907837,1.0270631313323975,1.0306835174560547,0,0.0,0.0
2025-01-16 00:00:00+00:00,1.0295268297195435,1.0311510562896729,1.0263779163360596,1.0295268297195435,0,0.0,0.0
2025-01-17 00:00:00+00:00,1.0301949977874756,1.0329724550247192,1.0266518592834473,1.0301949977874756,0,0.0,0.0
2025-01-20 00:00:00+00:00,1.0277386903762817,1.0427310466766357,1.0279394388198853,1.0277386903762817,0,0.0,0.0
2025-01-21 00:00:00+00:00,1.0420682430267334,1.0434056520462036,1.034457802772522,1.0420682430267334,0,0.0,0.0
2025-01-22 00:00:00+00:00,1.0405935049057007,1.0458062887191772,1.0400739908218384,1.0405935049057007,0,0.0,0.0
2025-01-23 00:00:00+00:00,1.0410159826278687,1.042546272277832,1.0385618209838867,1.0410159826278687,0,0.0,0.0
2025-01-24 00:00:00+00:00,1.041601538658142,1.051934003829956,1.0413196086883545,1.041601538658142,0,0.0,0.0
2025-01-27 00:00:00+00:00,1.0467586517333984,1.0533745288848877,1.045434594154358,1.0467586517333984,0,0.0,0.0
2025-01-28 00:00:00+00:00,1.0445064306259155,1.0455766916275024,1.0415256023406982,1.0445064306259155,0,0.0,0.0
2025-01-29 00:00:00+00:00,1.0429050922393799,1.0444954633712769,1.0383461713790894,1.0429050922393799,0,0.0,0.0
2025-01-30 00:00:00+00:00,1.0425245761871338,1.0465506315231323,1.0391337871551514,1.0425245761871338,0,0.0,0.0
2025-01-31 00:00:00+00:00,1.0397279262542725,1.0412328243255615,1.0362050533294678,1.0397279262542725,0,0.0,0.0
2025-02-03 00:00:00+00:00,1.024779200553894,1.032652497291565,1.0213043689727783,1.024779200553894,0,0.0,0.0
2025-02-04 00:00:00+00:00,1.0327378511428833,1.0386804342269897,1.0276541709899902,1.0327378511428833,0,0.0,0.0
2025-02-05 00:00:00+00:00,1.0372798442840576,1.0436452627182007,1.0370432138442993,1.0372798442840576,0,0.0,0.0
2025-02-06 00:00:00+00:00,1.0400848388671875,1.040528655052185,1.0354539155960083,1.0400848388671875,0,0.0,0.0
2025-02-07 00:00:00+00:00,1.0385725498199463,1.0405935049057007,1.0324605703353882,1.0385725498199463,0,0.0,0.0
2025-02-10 00:00:00+00:00,1.0311616659164429,1.0336023569107056,1.0299509763717651,1.0311616659164429,0,0.0,0.0
2025-02-11 00:00:00+00:00,1.0301525592803955,1.0351966619491577,1.0292725563049316,1.0301525592803955,0,0.0,0.0
2025-02-12 00:00:00+00:00,1.0364949703216553,1.039565920829773,1.031821370124817,1.0364949703216553,0,0.0,0.0
2025-02-13 00:00:00+00:00,1.039198637008667,1.044571876525879,1.0379257202148438,1.039198637008667,0,0.0,0.0
2025-02-14 00:00:00+00:00,1.0461673736572266,1.0513699054718018,1.0448119640350342,1.0461673736572266,0,0.0,0.0
2025-02-17 00:00:00+00:00,1.0489217042922974,1.0507071018218994,1.0467368364334106,1.0489217042922974,0,0.0,0.0
2025-02-18 00:00:00+00:00,1.048536777496338,1.0486466884613037,1.044277310371399,1.048536777496338,0,0.0,0.0
2025-02-19 00:00:00+00:00,1.044833779335022,1.0462440252304077,1.0405069589614868,1.044833779335022,0,0.0,0.0
2025-02-20 00:00:00+00:00,1.0421009063720703,1.047877550125122,1.0419706106185913,1.0421009063720703,0,0.0,0.0
2025-02-21 00:00:00+00:00,1.0500562191009521,1.0507513284683228,1.0449975728988647,1.0500562191009521,0,0.0,0.0
2025-02-24 00:00:00+00:00,1.0474823713302612,1.0528643131256104,1.045434594154358,1.0474823713302612,0,0.0,0.0
2025-02-25 00:00:00+00:00,1.0461344718933105,1.0518454313278198,1.0457953214645386,1.0461344718933105,0,0.0,0.0
2025-02-26 00:00:00+00:00,1.0524100065231323,1.0527424812316895,1.0476469993591309,1.0524100065231323,0,0.0,0.0
2025-02-27 00:00:00+00:00,1.0488777160644531,1.0489877462387085,1.0404852628707886,1.0488777160644531,0,0.0,0.0
2025-02-28 00:00:00+00:00,1.039511799812317,1.0421009063720703,1.038184404373169,1.039511799812317,0,0.0,0.0
2025-03-03 00:00:00+00:00,1.0413846969604492,1.050023078918457,1.039047360420227,1.0413846969604492,0,0.0,0.0
2025-03-04 00:00:00+00:00,1.0485037565231323,1.0559550523757935,1.0471752882003784,1.0485037565231323,0,0.0,0.0
2025-03-05 00:00:00+00:00,1.062699317932129,1.0785857439041138,1.0602879524230957,1.062699317932129,0,0.0,0.0
2025-03-06 00:00:00+00:00,1.0794938802719116,1.0851047039031982,1.0782485008239746,1.0794938802719116,0,0.0,0.0
2025-03-07 00:00:00+00:00,1.0787951946258545,1.088565707206726,1.0782135725021362,1.0787951946258545,0,0.0,0.0
2025-03-10 00:00:00+00:00,1.086059331893921,1.0873465538024902,1.0806254148483276,1.086059331893921,0,0.0,0.0
2025-03-11 00:00:00+00:00,1.0839403867721558,1.0930275917053223,1.0836819410324097,1.0839403867721558,0,0.0,0.0
2025-03-12 00:00:00+00:00,1.0914170742034912,1.093457818031311,1.087725043296814,1.0914170742034912,0,0.0,0.0
2025-03-13 00:00:00+00:00,1.0886249542236328,1.0899182558059692,1.082297921180725,1.0886249542236328,0,0.0,0.0
2025-03-14 00:00:00+00:00,1.085564136505127,1.0910122394561768,1.0831302404403687,1.085564136505127,0,0.0,0.0
2025-03-17 00:00:00+00:00,1.0881274938583374,1.0928961038589478,1.0869210958480835,1.0881274938583374,0,0.0,0.0
2025-03-18 00:00:00+00:00,1.091917634010315,1.095446228981018,1.0897043943405151,1.091917634010315,0,0.0,0.0
2025-03-19 00:00:00+00:00,1.093948245048523,1.0945708751678467,1.0875948667526245,1.093948245048523,0,0.0,0.0
2025-03-20 00:00:00+00:00,1.0911908149719238,1.0917507410049438,1.0818296670913696,1.0911908149719238,0,0.0,0.0
2025-03-21 00:00:00+00:00,1.0856702327728271,1.086130142211914,1.0805671215057373,1.0856702327728271,0,0.0,0.0
2025-03-24 00:00:00+00:00,1.0835762023925781,1.0856938362121582,1.079074501991272,1.0835762023925781,0,0.0,0.0
2025-03-25 00:00:00+00:00,1.0803569555282593,1.0830715894699097,1.0778650045394897,1.0803569555282593,0,0.0,0.0
2025-03-26 00:00:00+00:00,1.0787487030029297,1.080228567123413,1.076878309249878,1.0787487030029297,0,0.0,0.0
2025-03-27 00:00:00+00:00,1.0742061138153076,1.0818763971328735,1.0742061138153076,1.0742061138153076,0,0.0,0.0
2025-03-28 00:00:00+00:00,1.080100178718567,1.0845280885696411,1.07658851146698,1.080100178718567,0,0.0,0.0
2025-03-31 00:00:00+01:00,1.082391619682312,1.084845781326294,1.0785740613937378,1.082391619682312,0,0.0,0.0
2025-04-01 00:00:00+01:00,1.0818880796432495,1.0830715894699097,1.0779578685760498,1.0818880796432495,0,0.0,0.0
2025-04-02 00:00:00+01:00,1.0795987844467163,1.087263822555542,1.0782020092010498,1.0795987844467163,0,0.0,0.0
2025-04-03 00:00:00+01:00,1.090869426727295,1.1133378744125366,1.0882458686828613,1.090869426727295,0,0.0,0.0
2025-04-04 00:00:00+01:00,1.1043744087219238,1.1107531785964966,1.0964791774749756,1.1043744087219238,0,0.0,0.0
2025-04-07 00:00:00+01:00,1.098454475402832,1.1049845218658447,1.0903223752975464,1.098454475402832,0,0.0,0.0
2025-04-08 00:00:00+01:00,1.0915361642837524,1.0991909503936768,1.0891940593719482,1.0915361642837524,0,0.0,0.0
2025-04-09 00:00:00+01:00,1.0980443954467773,1.1094838380813599,1.0972250699996948,1.0980443954467773,0,0.0,0.0
2025-04-10 00:00:00+01:00,1.0952062606811523,1.122536063194275,1.0953142642974854,1.0952062606811523,0,0.0,0.0
2025-04-11 00:00:00+01:00,1.1257838010787964,1.1471836566925049,1.1250872611999512,1.1257838010787964,0,0.0,0.0
2025-04-14 00:00:00+01:00,1.1343141794204712,1.1424784660339355,1.1299690008163452,1.1343141794204712,0,0.0,0.0
2025-04-15 00:00:00+01:00,1.1339668035507202,1.1377859115600586,1.1285662651062012,1.1339668035507202,0,0.0,0.0
2025-04-16 00:00:00+01:00,1.1292672157287598,1.1390169858932495,1.129420280456543,1.1292672157287598,0,0.0,0.0
2025-04-17 00:00:00+01:00,1.1396790742874146,1.1396400928497314,1.13413405418396,1.1396790742874146,0,0.0,0.0
2025-04-22 00:00:00+01:00,1.1512778997421265,1.1546543836593628,1.1453967094421387,1.1512778997421265,0,0.0,0.0
2025-04-23 00:00:00+01:00,1.1351252794265747,1.144007682800293,1.13379967212677,1.1351252794265747,0,0.0,0.0
2025-04-24 00:00:00+01:00,1.132733702659607,1.1394323110580444,1.1322335004806519,1.132733702659607,0,0.0,0.0
2025-04-25 00:00:00+01:00,1.1371906995773315,1.1384334564208984,1.1316184997558594,1.1371906995773315,0,0.0,0.0
2025-04-28 00:00:00+01:00,1.1343141794204712,1.140823245048523,1.133105993270874,1.1343141794204712,0,0.0,0.0
2025-04-29 00:00:00+01:00,1.1409143209457397,1.1419566869735718,1.1371389627456665,1.1409143209457397,0,0.0,0.0
2025-04-30 00:00:00+01:00,1.1389262676239014,1.1398869752883911,1.1327080726623535,1.1389262676239014,0,0.0,0.0
2025-05-01 00:00:00+01:00,1.1324899196624756,1.1340954303741455,1.126697063446045,1.1324899196624756,0,0.0,0.0
2025-05-02 00:00:00+01:00,1.1296498775482178,1.1378635168075562,1.1275228261947632,1.1296498775482178,0,0.0,0.0
2025-05-05 00:00:00+01:00,1.1323232650756836,1.1364539861679077,1.1312856674194336,1.1323232650756836,0,0.0,0.0
2025-05-06 00:00:00+01:00,1.1313369274139404,1.1361182928085327,1.1281206607818604,1.1313369274139404,0,0.0,0.0
2025-05-07 00:00:00+01:00,1.1342755556106567,1.1377729177474976,1.1327080726623535,1.1342755556106567,0,0.0,0.0
2025-05-08 00:00:00+01:00,1.1306205987930298,1.1336711645126343,1.123608112335205,1.1306205987930298,0,0.0,0.0
2025-05-09 00:00:00+01:00,1.122422695159912,1.1291142702102661,1.1199839115142822,1.122422695159912,0,0.0,0.0
2025-05-12 00:00:00+01:00,1.12296462059021,1.1242902278900146,1.1075055599212646,1.12296462059021,0,0.0,0.0
2025-05-13 00:00:00+01:00,1.1095577478408813,1.1177430152893066,1.109668493270874,1.1095577478408813,0,0.0,0.0
2025-05-14 00:00:00+01:00,1.1185556650161743,1.1264559030532837,1.1182429790496826,1.1185556650161743,0,0.0,0.0
2025-05-15 00:00:00+01:00,1.1181930303573608,1.1227755546569824,1.117480754852295,1.1181930303573608,0,0.0,0.0
2025-05-16 00:00:00+01:00,1.1192693710327148,1.1219944953918457,1.1141440868377686,1.1192693710327148,0,0.0,0.0
2025-05-19 00:00:00+01:00,1.1187559366226196,1.128604531288147,1.1173559427261353,1.1187559366226196,0,0.0,0.0
2025-05-20 00:00:00+01:00,1.1233429908752441,1.1277261972427368,1.12186861038208,1.1233429908752441,0,0.0,0.0
2025-05-21 00:00:00+01:00,1.1287955045700073,1.1362345218658447,1.1287446022033691,1.1287955045700073,0,0.0,0.0
2025-05-22 00:00:00+01:00,1.133118748664856,1.134455680847168,1.1267098188400269,1.133118748664856,0,0.0,0.0
2025-05-23 00:00:00+01:00,1.1281843185424805,1.1376564502716064,1.1279934644699097,1.1281843185424805,0,0.0,0.0
2025-05-26 00:00:00+01:00,1.1372811794281006,1.1418914794921875,1.136932134628296,1.1372811794281006,0,0.0,0.0
2025-05-27 00:00:00+01:00,1.1388484239578247,1.1409013271331787,1.1325156688690186,1.1388484239578247,0,0.0,0.0
2025-05-28 00:00:00+01:00,1.1337097883224487,1.1345586776733398,1.128426194190979,1.1337097883224487,0,0.0,0.0
2025-05-29 00:00:00+01:00,1.123368263244629,1.1369450092315674,1.12271249294281,1.123368263244629,0,0.0,0.0
2025-05-30 00:00:00+01:00,1.1378376483917236,1.1390429735183716,1.1314393281936646,1.1378376483917236,0,0.0,0.0
2025-06-02 00:00:00+01:00,1.1353315114974976,1.1449114084243774,1.135589361190796,1.1353315114974976,0,0.0,0.0
2025-06-03 00:00:00+01:00,1.1453442573547363,1.145514726638794,1.1367640495300293,1.1453442573547363,0,0.0,0.0
2025-06-04 00:00:00+01:00,1.1384464502334595,1.143458366394043,1.1359375715255737,1.1384464502334595,0,0.0,0.0
2025-06-05 00:00:00+01:00,1.1422044038772583,1.1494252681732178,1.1406149864196777,1.1422044038772583,0,0.0,0.0
2025-06-06 00:00:00+01:00,1.1453834772109985,1.1458691358566284,1.137229561805725,1.1453834772109985,0,0.0,0.0
2025-06-09 00:00:00+01:00,1.1407841444015503,1.1440337896347046,1.138757586479187,1.1407841444015503,0,0.0,0.0
2025-06-10 00:00:00+01:00,1.1428048610687256,1.1448328495025635,1.1374623775482178,1.1428048610687256,0,0.0,0.0
2025-06-11 00:00:00+01:00,1.143746018409729,1.149095058441162,1.1406019926071167,1.143746018409729,0,0.0,0.0
2025-06-12 00:00:00+01:00,1.1509333848953247,1.1628718376159668,1.1502846479415894,1.1509333848953247,0,0.0,0.0
2025-06-13 00:00:00+01:00,1.1600254774093628,1.1612108945846558,1.1492931842803955,1.1600254774093628,0,0.0,0.0
2025-06-16 00:00:00+01:00,1.1556684970855713,1.1614806652069092,1.1524852514266968,1.1556684970855713,0,0.0,0.0
2025-06-17 00:00:00+01:00,1.1551345586776733,1.1574074029922485,1.1512514352798462,1.1551345586776733,0,0.0,0.0
2025-06-18 00:00:00+01:00,1.1482638120651245,1.1530035734176636,1.1482374668121338,1.1482638120651245,0,0.0,0.0
2025-06-19 00:00:00+01:00,1.1477497816085815,1.1486859321594238,1.1448458433151245,1.1477497816085815,0,0.0,0.0
2025-06-20 00:00:00+01:00,1.1512778997421265,1.1534557342529297,1.1496102809906006,1.1512778997421265,0,0.0,0.0
2025-06-23 00:00:00+01:00,1.1500862836837769,1.1551746129989624,1.1455540657043457,1.1500862836837769,0,0.0,0.0
2025-06-24 00:00:00+01:00,1.1599044799804688,1.1635890007019043,1.1582921743392944,1.1599044799804688,0,0.0,0.0
2025-06-25 00:00:00+01:00,1.161224365234375,1.1631423234939575,1.1590977907180786,1.161224365234375,0,0.0,0.0
2025-06-26 00:00:00+01:00,1.1683744192123413,1.1743428707122803,1.1668611764907837,1.1683744192123413,0,0.0,0.0
2025-06-27 00:00:00+01:00,1.1692214012145996,1.1750881671905518,1.1684290170669556,1.1692214012145996,0,0.0,0.0
2025-06-30 00:00:00+01:00,1.1727453470230103,1.177163004875183,1.170905351638794,1.1727453470230103,0,0.0,0.0
2025-07-01 00:00:00+01:00,1.178717017173767,1.1830259561538696,1.1767750978469849,1.178717017173767,0,0.0,0.0
2025-07-02 00:00:00+01:00,1.1807769536972046,1.1813349723815918,1.1749500036239624,1.1778563261032104,0,0.0,0.0
