,Date,Open,High,Low,Close,Volume,Dividends,Stock Splits
0,2025-06-26 00:00:00+01:00,1.3670727014541626,1.36797034740448,1.3670727014541626,1.3679516315460205,0,0.0,0.0
1,2025-06-26 00:15:00+01:00,1.367708444595337,1.3680452108383179,1.3676148653030396,1.3679141998291016,0,0.0,0.0
2,2025-06-26 00:30:00+01:00,1.368007779121399,1.3686630725860596,1.368007779121399,1.3684945106506348,0,0.0,0.0
3,2025-06-26 00:45:00+01:00,1.3685319423675537,1.3691691160202026,1.3685319423675537,1.3690565824508667,0,0.0,0.0
4,2025-06-26 01:00:00+01:00,1.3690941333770752,1.3695440292358398,1.3690941333770752,1.369375228881836,0,0.0,0.0
5,2025-06-26 01:15:00+01:00,1.369281530380249,1.369506597518921,1.3692065477371216,1.3693190813064575,0,0.0,0.0
6,2025-06-26 01:30:00+01:00,1.3695440292358398,1.3695440292358398,1.3691127300262451,1.369375228881836,0,0.0,0.0
7,2025-06-26 01:45:00+01:00,1.369394063949585,1.369394063949585,1.3689440488815308,1.3690004348754883,0,0.0,0.0
8,2025-06-26 02:00:00+01:00,1.3690191507339478,1.3690191507339478,1.36832594871521,1.3684569597244263,0,0.0,0.0
9,2025-06-26 02:15:00+01:00,1.3684757947921753,1.3684757947921753,1.3678580522537231,1.3681949377059937,0,0.0,0.0
10,2025-06-26 02:30:00+01:00,1.3681949377059937,1.3689254522323608,1.3681387901306152,1.3688691854476929,0,0.0,0.0
11,2025-06-26 02:45:00+01:00,1.3687942028045654,1.3695440292358398,1.3687942028045654,1.3692628145217896,0,0.0,0.0
12,2025-06-26 03:00:00+01:00,1.36924409866333,1.3695628643035889,1.3691502809524536,1.369225263595581,0,0.0,0.0
13,2025-06-26 03:15:00+01:00,1.3692628145217896,1.3697504997253418,1.3690004348754883,1.3697316646575928,0,0.0,0.0
14,2025-06-26 03:30:00+01:00,1.3697690963745117,1.3699193000793457,1.3696378469467163,1.3698254823684692,0,0.0,0.0
15,2025-06-26 03:45:00+01:00,1.3703323602676392,1.3708583116531372,1.3702946901321411,1.3705765008926392,0,0.0,0.0
16,2025-06-26 04:00:00+01:00,1.3706704378128052,1.3721749782562256,1.3706704378128052,1.3711590766906738,0,0.0,0.0
17,2025-06-26 04:15:00+01:00,1.3713847398757935,1.3717421293258667,1.3710838556289673,1.3710838556289673,0,0.0,0.0
18,2025-06-26 04:30:00+01:00,1.3711025714874268,1.3711590766906738,1.3706891536712646,1.3710274696350098,0,0.0,0.0
19,2025-06-26 04:45:00+01:00,1.3710650205612183,1.3712154626846313,1.3710463047027588,1.3711966276168823,0,0.0,0.0
20,2025-06-26 05:00:00+01:00,1.3710086345672607,1.3710086345672607,1.3701446056365967,1.3701820373535156,0,0.0,0.0
21,2025-06-26 05:15:00+01:00,1.3701257705688477,1.3704261779785156,1.3700318336486816,1.3703886270523071,0,0.0,0.0
22,2025-06-26 05:30:00+01:00,1.3704825639724731,1.3705201148986816,1.3701446056365967,1.3701446056365967,0,0.0,0.0
23,2025-06-26 05:45:00+01:00,1.3700131177902222,1.3701633214950562,1.3699380159378052,1.3700131177902222,0,0.0,0.0
24,2025-06-26 06:00:00+01:00,1.3699944019317627,1.3705013990402222,1.3697690963745117,1.3702008724212646,0,0.0,0.0
25,2025-06-26 06:15:00+01:00,1.3704825639724731,1.3706516027450562,1.3703323602676392,1.3704825639724731,0,0.0,0.0
26,2025-06-26 06:30:00+01:00,1.3706140518188477,1.3706140518188477,1.3699568510055542,1.3700883388519287,0,0.0,0.0
27,2025-06-26 06:45:00+01:00,1.3701069355010986,1.3711214065551758,1.3699944019317627,1.3709899187088013,0,0.0,0.0
28,2025-06-26 07:00:00+01:00,1.3710274696350098,1.3711025714874268,1.3703135251998901,1.3707830905914307,0,0.0,0.0
29,2025-06-26 07:15:00+01:00,1.3703323602676392,1.3706140518188477,1.3701446056365967,1.3701446056365967,0,0.0,0.0
30,2025-06-26 07:30:00+01:00,1.3703135251998901,1.3711025714874268,1.3703135251998901,1.3708958625793457,0,0.0,0.0
31,2025-06-26 07:45:00+01:00,1.3709522485733032,1.3719114065170288,1.3707268238067627,1.3719114065170288,0,0.0,0.0
32,2025-06-26 08:00:00+01:00,1.3722127676010132,1.3732303380966187,1.372137427330017,1.3732303380966187,0,0.0,0.0
33,2025-06-26 08:15:00+01:00,1.3730227947235107,1.373984932899475,1.3726646900177002,1.37285315990448,0,0.0,0.0
34,2025-06-26 08:30:00+01:00,1.3728721141815186,1.3728721141815186,1.3719490766525269,1.372796654701233,0,0.0,0.0
35,2025-06-26 08:45:00+01:00,1.373192548751831,1.3737962245941162,1.373173713684082,1.373513102531433,0,0.0,0.0
36,2025-06-26 09:00:00+01:00,1.3735320568084717,1.375269889831543,1.373475432395935,1.375269889831543,0,0.0,0.0
37,2025-06-26 09:15:00+01:00,1.3750996589660645,1.3755347728729248,1.3750996589660645,1.3753266334533691,0,0.0,0.0
38,2025-06-26 09:30:00+01:00,1.3752319812774658,1.3765003681182861,1.3752319812774658,1.3758375644683838,0,0.0,0.0
39,2025-06-26 09:45:00+01:00,1.375723958015442,1.375723958015442,1.3752319812774658,1.3752319812774658,0,0.0,0.0
40,2025-06-26 10:00:00+01:00,1.3750051259994507,1.3750051259994507,1.3746649026870728,1.3746649026870728,0,0.0,0.0
41,2025-06-26 10:15:00+01:00,1.3738906383514404,1.3738906383514404,1.373645305633545,1.3737396001815796,0,0.0,0.0
42,2025-06-26 10:30:00+01:00,1.374098300933838,1.3750051259994507,1.374098300933838,1.374986171722412,0,0.0,0.0
43,2025-06-26 10:45:00+01:00,1.3751753568649292,1.3751753568649292,1.3744193315505981,1.3744193315505981,0,0.0,0.0
44,2025-06-26 11:00:00+01:00,1.3745137453079224,1.3745137453079224,1.3738150596618652,1.3740037679672241,0,0.0,0.0
45,2025-06-26 11:15:00+01:00,1.374117136001587,1.3750051259994507,1.374117136001587,1.3750051259994507,0,0.0,0.0
46,2025-06-26 11:30:00+01:00,1.3748916387557983,1.3748916387557983,1.3741360902786255,1.3742303848266602,0,0.0,0.0
47,2025-06-26 11:45:00+01:00,1.374306082725525,1.374306082725525,1.373947262763977,1.373947262763977,0,0.0,0.0
48,2025-06-26 12:00:00+01:00,1.3728721141815186,1.3728721141815186,1.37247633934021,1.37247633934021,0,0.0,0.0
49,2025-06-26 12:15:00+01:00,1.3717232942581177,1.3717232942581177,1.3708958625793457,1.3708958625793457,0,0.0,0.0
50,2025-06-26 12:30:00+01:00,1.371309518814087,1.3713847398757935,1.3700506687164307,1.3700506687164307,0,0.0,0.0
51,2025-06-26 12:45:00+01:00,1.3701820373535156,1.3708207607269287,1.3701820373535156,1.3706891536712646,0,0.0,0.0
52,2025-06-26 13:00:00+01:00,1.3705576658248901,1.3709522485733032,1.3702384233474731,1.3705201148986816,0,0.0,0.0
53,2025-06-26 13:15:00+01:00,1.3705576658248901,1.3720808029174805,1.3705576658248901,1.372024416923523,0,0.0,0.0
54,2025-06-26 13:30:00+01:00,1.371610403060913,1.371610403060913,1.3702195882797241,1.3702195882797241,0,0.0,0.0
55,2025-06-26 13:45:00+01:00,1.3723256587982178,1.3723444938659668,1.3716480731964111,1.3716480731964111,0,0.0,0.0
56,2025-06-26 14:00:00+01:00,1.3723068237304688,1.3723068237304688,1.3711214065551758,1.3711214065551758,0,0.0,0.0
57,2025-06-26 14:15:00+01:00,1.371478796005249,1.3729662895202637,1.371478796005249,1.3729662895202637,0,0.0,0.0
58,2025-06-26 14:30:00+01:00,1.37285315990448,1.3730794191360474,1.3723633289337158,1.3730794191360474,0,0.0,0.0
59,2025-06-26 14:45:00+01:00,1.3733433485031128,1.374154806137085,1.37321138381958,1.374154806137085,0,0.0,0.0
60,2025-06-26 15:00:00+01:00,1.3735885620117188,1.373947262763977,1.3728721141815186,1.373947262763977,0,0.0,0.0
61,2025-06-26 15:15:00+01:00,1.3745893239974976,1.3745893239974976,1.3735885620117188,1.373947262763977,0,0.0,0.0
62,2025-06-26 15:30:00+01:00,1.3744003772735596,1.374967336654663,1.373947262763977,1.3746649026870728,0,0.0,0.0
63,2025-06-26 15:45:00+01:00,1.3748728036880493,1.3753266334533691,1.3732490539550781,1.3733433485031128,0,0.0,0.0
64,2025-06-26 16:00:00+01:00,1.3733056783676147,1.3738150596618652,1.3730982542037964,1.3730982542037964,0,0.0,0.0
65,2025-06-26 16:15:00+01:00,1.373173713684082,1.3733999729156494,1.373173713684082,1.37321138381958,0,0.0,0.0
66,2025-06-26 16:30:00+01:00,1.3733433485031128,1.3746838569641113,1.373173713684082,1.3744571208953857,0,0.0,0.0
67,2025-06-26 16:45:00+01:00,1.3746271133422852,1.3752509355545044,1.3744381666183472,1.3752509355545044,0,0.0,0.0
68,2025-06-26 17:00:00+01:00,1.3752131462097168,1.375269889831543,1.3746649026870728,1.3747594356536865,0,0.0,0.0
69,2025-06-26 17:15:00+01:00,1.3747026920318604,1.375477910041809,1.3742303848266602,1.375477910041809,0,0.0,0.0
70,2025-06-26 17:30:00+01:00,1.3757051229476929,1.3770312070846558,1.3757051229476929,1.3765572309494019,0,0.0,0.0
71,2025-06-26 17:45:00+01:00,1.3763298988342285,1.3767657279968262,1.3754022121429443,1.3755725622177124,0,0.0,0.0
72,2025-06-26 18:00:00+01:00,1.3755537271499634,1.376045823097229,1.3755537271499634,1.375723958015442,0,0.0,0.0
73,2025-06-26 18:15:00+01:00,1.3756482601165771,1.3759132623672485,1.375591516494751,1.3759132623672485,0,0.0,0.0
74,2025-06-26 18:30:00+01:00,1.3762730360031128,1.3762730360031128,1.3756294250488281,1.375875473022461,0,0.0,0.0
75,2025-06-26 18:45:00+01:00,1.3758375644683838,1.3760268688201904,1.3757051229476929,1.375761866569519,0,0.0,0.0
76,2025-06-26 19:00:00+01:00,1.3757051229476929,1.3759700059890747,1.3756482601165771,1.3758375644683838,0,0.0,0.0
77,2025-06-26 19:15:00+01:00,1.3760079145431519,1.3760079145431519,1.375118613243103,1.375118613243103,0,0.0,0.0
78,2025-06-26 19:30:00+01:00,1.3751753568649292,1.3752509355545044,1.3748916387557983,1.374986171722412,0,0.0,0.0
79,2025-06-26 19:45:00+01:00,1.3748350143432617,1.3754401206970215,1.3748350143432617,1.3749295473098755,0,0.0,0.0
80,2025-06-26 20:00:00+01:00,1.3748350143432617,1.3748350143432617,1.373513102531433,1.3736075162887573,0,0.0,0.0
81,2025-06-26 20:15:00+01:00,1.3733433485031128,1.3736075162887573,1.3730794191360474,1.373437762260437,0,0.0,0.0
82,2025-06-26 20:30:00+01:00,1.3732868432998657,1.3735885620117188,1.3732868432998657,1.373475432395935,0,0.0,0.0
83,2025-06-26 20:45:00+01:00,1.3732490539550781,1.3735508918762207,1.3730417490005493,1.3733623027801514,0,0.0,0.0
84,2025-06-26 21:00:00+01:00,1.3735508918762207,1.3735697269439697,1.372796654701233,1.372796654701233,0,0.0,0.0
85,2025-06-26 21:15:00+01:00,1.3727400302886963,1.3727400302886963,1.3723633289337158,1.3725517988204956,0,0.0,0.0
86,2025-06-26 21:30:00+01:00,1.3725517988204956,1.3728721141815186,1.372514009475708,1.3728721141815186,0,0.0,0.0
87,2025-06-26 21:45:00+01:00,1.3728721141815186,1.372909665107727,1.3727400302886963,1.3727778196334839,0,0.0,0.0
88,2025-06-26 22:00:00+01:00,1.3728721141815186,1.374154806137085,1.3727589845657349,1.373192548751831,0,0.0,0.0
89,2025-06-26 22:15:00+01:00,1.3733433485031128,1.3733433485031128,1.3728156089782715,1.3731170892715454,0,0.0,0.0
90,2025-06-26 22:30:00+01:00,1.3730794191360474,1.3732680082321167,1.3725706338882446,1.3728156089782715,0,0.0,0.0
91,2025-06-26 22:45:00+01:00,1.3729662895202637,1.3730605840682983,1.3727778196334839,1.372909665107727,0,0.0,0.0
92,2025-06-26 23:00:00+01:00,1.372909665107727,1.372909665107727,1.3725706338882446,1.372589349746704,0,0.0,0.0
93,2025-06-26 23:15:00+01:00,1.3726646900177002,1.3726646900177002,1.37247633934021,1.3726459741592407,0,0.0,0.0
94,2025-06-26 23:30:00+01:00,1.3726271390914917,1.3726271390914917,1.3717796802520752,1.3717796802520752,0,0.0,0.0
95,2025-06-26 23:45:00+01:00,1.3718361854553223,1.372062087059021,1.3717796802520752,1.372062087059021,0,0.0,0.0
96,2025-06-27 00:00:00+01:00,1.3722316026687622,1.3726271390914917,1.3722316026687622,1.3725517988204956,0,0.0,0.0
97,2025-06-27 00:15:00+01:00,1.3725517988204956,1.3728721141815186,1.372532844543457,1.3726646900177002,0,0.0,0.0
98,2025-06-27 00:30:00+01:00,1.3726459741592407,1.3729851245880127,1.372438669204712,1.3729851245880127,0,0.0,0.0
99,2025-06-27 00:45:00+01:00,1.3730227947235107,1.3730227947235107,1.372495174407959,1.3725517988204956,0,0.0,0.0
100,2025-06-27 01:00:00+01:00,1.3727400302886963,1.3731547594070435,1.3727400302886963,1.3731547594070435,0,0.0,0.0
101,2025-06-27 01:15:00+01:00,1.373173713684082,1.3732868432998657,1.3730039596557617,1.3730227947235107,0,0.0,0.0
102,2025-06-27 01:30:00+01:00,1.373136043548584,1.3732303380966187,1.37285315990448,1.3732303380966187,0,0.0,0.0
103,2025-06-27 01:45:00+01:00,1.373136043548584,1.3735320568084717,1.3730605840682983,1.3731170892715454,0,0.0,0.0
104,2025-06-27 02:00:00+01:00,1.3729662895202637,1.3730982542037964,1.3726459741592407,1.3726459741592407,0,0.0,0.0
105,2025-06-27 02:15:00+01:00,1.3727589845657349,1.37321138381958,1.372438669204712,1.372909665107727,0,0.0,0.0
106,2025-06-27 02:30:00+01:00,1.3728909492492676,1.373136043548584,1.372514009475708,1.373136043548584,0,0.0,0.0
107,2025-06-27 02:45:00+01:00,1.3733056783676147,1.374098300933838,1.3733056783676147,1.3737396001815796,0,0.0,0.0
108,2025-06-27 03:00:00+01:00,1.3738150596618652,1.3742871284484863,1.373645305633545,1.3742871284484863,0,0.0,0.0
109,2025-06-27 03:15:00+01:00,1.3742115497589111,1.3745137453079224,1.374117136001587,1.3741360902786255,0,0.0,0.0
110,2025-06-27 03:30:00+01:00,1.3741360902786255,1.374154806137085,1.3735697269439697,1.373947262763977,0,0.0,0.0
111,2025-06-27 03:45:00+01:00,1.3740037679672241,1.3744759559631348,1.3740037679672241,1.3744003772735596,0,0.0,0.0
112,2025-06-27 04:00:00+01:00,1.3742871284484863,1.3747594356536865,1.3742871284484863,1.3747594356536865,0,0.0,0.0
113,2025-06-27 04:15:00+01:00,1.3746459484100342,1.374967336654663,1.3746459484100342,1.3748728036880493,0,0.0,0.0
114,2025-06-27 04:30:00+01:00,1.374948501586914,1.374948501586914,1.374570369720459,1.3746082782745361,0,0.0,0.0
115,2025-06-27 04:45:00+01:00,1.3746649026870728,1.3747594356536865,1.373645305633545,1.3736640214920044,0,0.0,0.0
116,2025-06-27 05:00:00+01:00,1.373645305633545,1.3737773895263672,1.3735697269439697,1.3735697269439697,0,0.0,0.0
117,2025-06-27 05:15:00+01:00,1.3736075162887573,1.3736263513565063,1.373136043548584,1.373136043548584,0,0.0,0.0
118,2025-06-27 05:30:00+01:00,1.3730605840682983,1.373173713684082,1.3729662895202637,1.3729662895202637,0,0.0,0.0
119,2025-06-27 05:45:00+01:00,1.3727400302886963,1.3728909492492676,1.3724011182785034,1.3724011182785034,0,0.0,0.0
120,2025-06-27 06:00:00+01:00,1.3727589845657349,1.372796654701233,1.372438669204712,1.3726271390914917,0,0.0,0.0
121,2025-06-27 06:15:00+01:00,1.3726081848144531,1.3729662895202637,1.372495174407959,1.372834324836731,0,0.0,0.0
122,2025-06-27 06:30:00+01:00,1.372796654701233,1.3730605840682983,1.3721562623977661,1.3726646900177002,0,0.0,0.0
123,2025-06-27 06:45:00+01:00,1.3727213144302368,1.3730417490005493,1.372532844543457,1.3726646900177002,0,0.0,0.0
124,2025-06-27 07:00:00+01:00,1.3723821640014648,1.3729286193847656,1.3723821640014648,1.3729286193847656,0,0.0,0.0
125,2025-06-27 07:15:00+01:00,1.3730794191360474,1.373513102531433,1.3730417490005493,1.3733056783676147,0,0.0,0.0
126,2025-06-27 07:30:00+01:00,1.3733056783676147,1.3736075162887573,1.3729286193847656,1.3736075162887573,0,0.0,0.0
127,2025-06-27 07:45:00+01:00,1.3737207651138306,1.374740481376648,1.3736075162887573,1.374740481376648,0,0.0,0.0
128,2025-06-27 08:00:00+01:00,1.3748350143432617,1.3750051259994507,1.3744571208953857,1.3748350143432617,0,0.0,0.0
129,2025-06-27 08:15:00+01:00,1.374532699584961,1.3748916387557983,1.373645305633545,1.3737773895263672,0,0.0,0.0
130,2025-06-27 08:30:00+01:00,1.373701810836792,1.3743627071380615,1.3736263513565063,1.374117136001587,0,0.0,0.0
131,2025-06-27 08:45:00+01:00,1.374306082725525,1.3743815422058105,1.3738338947296143,1.3740037679672241,0,0.0,0.0
132,2025-06-27 09:00:00+01:00,1.374343752861023,1.3744759559631348,1.3733999729156494,1.3742871284484863,0,0.0,0.0
133,2025-06-27 09:15:00+01:00,1.374570369720459,1.3750430345535278,1.3743627071380615,1.3744003772735596,0,0.0,0.0
134,2025-06-27 09:30:00+01:00,1.3742303848266602,1.3745516538619995,1.373701810836792,1.3742493391036987,0,0.0,0.0
135,2025-06-27 09:45:00+01:00,1.3744003772735596,1.3749295473098755,1.3743627071380615,1.3743627071380615,0,0.0,0.0
136,2025-06-27 10:00:00+01:00,1.3745137453079224,1.374532699584961,1.3738338947296143,1.3741360902786255,0,0.0,0.0
137,2025-06-27 10:15:00+01:00,1.3738528490066528,1.3745516538619995,1.3738528490066528,1.3741737604141235,0,0.0,0.0
138,2025-06-27 10:30:00+01:00,1.3740793466567993,1.3740793466567993,1.373494267463684,1.373513102531433,0,0.0,0.0
139,2025-06-27 10:45:00+01:00,1.3737584352493286,1.374117136001587,1.373494267463684,1.3740227222442627,0,0.0,0.0
140,2025-06-27 11:00:00+01:00,1.3742871284484863,1.374721646308899,1.373966097831726,1.373966097831726,0,0.0,0.0
141,2025-06-27 11:15:00+01:00,1.3742871284484863,1.3742871284484863,1.3728909492492676,1.3730039596557617,0,0.0,0.0
142,2025-06-27 11:30:00+01:00,1.3729662895202637,1.3729662895202637,1.3722316026687622,1.372419834136963,0,0.0,0.0
143,2025-06-27 11:45:00+01:00,1.3723821640014648,1.3726081848144531,1.3722503185272217,1.37247633934021,0,0.0,0.0
144,2025-06-27 12:00:00+01:00,1.3726459741592407,1.3734188079833984,1.3726459741592407,1.3733623027801514,0,0.0,0.0
145,2025-06-27 12:15:00+01:00,1.3733245134353638,1.3733623027801514,1.3726271390914917,1.3729851245880127,0,0.0,0.0
146,2025-06-27 12:30:00+01:00,1.373494267463684,1.373494267463684,1.3730417490005493,1.373494267463684,0,0.0,0.0
147,2025-06-27 12:45:00+01:00,1.373701810836792,1.3738716840744019,1.3732868432998657,1.3737584352493286,0,0.0,0.0
148,2025-06-27 13:00:00+01:00,1.373513102531433,1.373513102531433,1.3722691535949707,1.372909665107727,0,0.0,0.0
149,2025-06-27 13:15:00+01:00,1.3727778196334839,1.373984932899475,1.3727778196334839,1.373513102531433,0,0.0,0.0
150,2025-06-27 13:30:00+01:00,1.3737584352493286,1.3750618696212769,1.3737584352493286,1.3746271133422852,0,0.0,0.0
151,2025-06-27 13:45:00+01:00,1.3748916387557983,1.3750996589660645,1.374117136001587,1.374192714691162,0,0.0,0.0
152,2025-06-27 14:00:00+01:00,1.3742871284484863,1.3743247985839844,1.372834324836731,1.3730039596557617,0,0.0,0.0
153,2025-06-27 14:15:00+01:00,1.3732680082321167,1.3735320568084717,1.3723068237304688,1.3723068237304688,0,0.0,0.0
154,2025-06-27 14:30:00+01:00,1.3717796802520752,1.372514009475708,1.371610403060913,1.3723256587982178,0,0.0,0.0
155,2025-06-27 14:45:00+01:00,1.372532844543457,1.372532844543457,1.3717232942581177,1.3723068237304688,0,0.0,0.0
156,2025-06-27 15:00:00+01:00,1.3719490766525269,1.3727589845657349,1.3718738555908203,1.3720808029174805,0,0.0,0.0
157,2025-06-27 15:15:00+01:00,1.3721938133239746,1.3721938133239746,1.3709146976470947,1.3710086345672607,0,0.0,0.0
158,2025-06-27 15:30:00+01:00,1.3711214065551758,1.371441125869751,1.3707642555236816,1.3711590766906738,0,0.0,0.0
159,2025-06-27 15:45:00+01:00,1.3710463047027588,1.371610403060913,1.3704450130462646,1.371610403060913,0,0.0,0.0
160,2025-06-27 16:00:00+01:00,1.371629238128662,1.371629238128662,1.3708770275115967,1.3714035749435425,0,0.0,0.0
161,2025-06-27 16:15:00+01:00,1.371309518814087,1.3716667890548706,1.3709710836410522,1.3714975118637085,0,0.0,0.0
162,2025-06-27 16:30:00+01:00,1.3713470697402954,1.3727213144302368,1.3712154626846313,1.3726646900177002,0,0.0,0.0
163,2025-06-27 16:45:00+01:00,1.372438669204712,1.372438669204712,1.3717986345291138,1.3718550205230713,0,0.0,0.0
164,2025-06-27 17:00:00+01:00,1.3717796802520752,1.372438669204712,1.3712718486785889,1.372024416923523,0,0.0,0.0
165,2025-06-27 17:15:00+01:00,1.3721562623977661,1.3722316026687622,1.3714599609375,1.3717986345291138,0,0.0,0.0
166,2025-06-27 17:30:00+01:00,1.3716856241226196,1.3716856241226196,1.3711214065551758,1.371478796005249,0,0.0,0.0
167,2025-06-27 17:45:00+01:00,1.3715163469314575,1.3715163469314575,1.3704825639724731,1.3708019256591797,0,0.0,0.0
168,2025-06-27 18:00:00+01:00,1.3706704378128052,1.3711777925491333,1.3705952167510986,1.3709899187088013,0,0.0,0.0
169,2025-06-27 18:15:00+01:00,1.3710838556289673,1.3710838556289673,1.3699755668640137,1.3700318336486816,0,0.0,0.0
170,2025-06-27 18:30:00+01:00,1.3700506687164307,1.3702759742736816,1.3690941333770752,1.3690941333770752,0,0.0,0.0
171,2025-06-27 18:45:00+01:00,1.368812918663025,1.369375228881836,1.3687942028045654,1.36924409866333,0,0.0,0.0
172,2025-06-27 19:00:00+01:00,1.3696378469467163,1.3696378469467163,1.3685693740844727,1.3690377473831177,0,0.0,0.0
173,2025-06-27 19:15:00+01:00,1.3690565824508667,1.36924409866333,1.3686069250106812,1.368831753730774,0,0.0,0.0
174,2025-06-27 19:30:00+01:00,1.3685319423675537,1.368831753730774,1.3685132265090942,1.368775486946106,0,0.0,0.0
175,2025-06-27 19:45:00+01:00,1.3690377473831177,1.3699380159378052,1.3690191507339478,1.3697316646575928,0,0.0,0.0
176,2025-06-27 20:00:00+01:00,1.3696566820144653,1.3706516027450562,1.3696566820144653,1.3702384233474731,0,0.0,0.0
177,2025-06-27 20:15:00+01:00,1.3702572584152222,1.3704450130462646,1.3699568510055542,1.3704450130462646,0,0.0,0.0
178,2025-06-27 20:30:00+01:00,1.3705765008926392,1.3708019256591797,1.3703323602676392,1.3706140518188477,0,0.0,0.0
179,2025-06-27 20:45:00+01:00,1.3707268238067627,1.3710463047027588,1.3704637289047241,1.3706891536712646,0,0.0,0.0
180,2025-06-27 21:00:00+01:00,1.3708394765853882,1.371290683746338,1.3708207607269287,1.3712342977523804,0,0.0,0.0
181,2025-06-27 21:15:00+01:00,1.3715163469314575,1.3718361854553223,1.3714599609375,1.3714599609375,0,0.0,0.0
182,2025-06-27 21:30:00+01:00,1.3715351819992065,1.3717044591903687,1.3713847398757935,1.3715728521347046,0,0.0,0.0
183,2025-06-27 21:45:00+01:00,1.371610403060913,1.3723633289337158,1.3708770275115967,1.3723633289337158,0,0.0,0.0
184,2025-06-27 22:00:00+01:00,1.3722879886627197,1.3722879886627197,1.3722879886627197,1.3722879886627197,0,0.0,0.0
185,2025-06-27 22:15:00+01:00,1.3722879886627197,1.3722879886627197,1.3722879886627197,1.3722879886627197,0,0.0,0.0
186,2025-06-30 00:00:00+01:00,1.3724011182785034,1.3728721141815186,1.3723821640014648,1.3727400302886963,0,0.0,0.0
187,2025-06-30 00:15:00+01:00,1.3727589845657349,1.37285315990448,1.3722127676010132,1.3722316026687622,0,0.0,0.0
188,2025-06-30 00:30:00+01:00,1.3722503185272217,1.3723444938659668,1.372024416923523,1.372137427330017,0,0.0,0.0
189,2025-06-30 00:45:00+01:00,1.372419834136963,1.372419834136963,1.3718550205230713,1.3718550205230713,0,0.0,0.0
190,2025-06-30 01:00:00+01:00,1.372043251991272,1.3721938133239746,1.3717232942581177,1.372099757194519,0,0.0,0.0
191,2025-06-30 01:15:00+01:00,1.3718738555908203,1.3721562623977661,1.3718738555908203,1.3720808029174805,0,0.0,0.0
192,2025-06-30 01:30:00+01:00,1.3718738555908203,1.3718738555908203,1.3715163469314575,1.3715163469314575,0,0.0,0.0
193,2025-06-30 01:45:00+01:00,1.3716480731964111,1.3716480731964111,1.3708770275115967,1.371309518814087,0,0.0,0.0
194,2025-06-30 02:00:00+01:00,1.371309518814087,1.371478796005249,1.3712154626846313,1.3714035749435425,0,0.0,0.0
195,2025-06-30 02:15:00+01:00,1.371441125869751,1.3722879886627197,1.371441125869751,1.3722127676010132,0,0.0,0.0
196,2025-06-30 02:30:00+01:00,1.372137427330017,1.3729662895202637,1.372137427330017,1.372796654701233,0,0.0,0.0
197,2025-06-30 02:45:00+01:00,1.3729286193847656,1.3729286193847656,1.372062087059021,1.372062087059021,0,0.0,0.0
198,2025-06-30 03:00:00+01:00,1.3722316026687622,1.372457504272461,1.3718174695968628,1.3722503185272217,0,0.0,0.0
199,2025-06-30 03:15:00+01:00,1.3722691535949707,1.3726646900177002,1.372099757194519,1.372457504272461,0,0.0,0.0
200,2025-06-30 03:30:00+01:00,1.3723821640014648,1.372419834136963,1.3718361854553223,1.3718361854553223,0,0.0,0.0
201,2025-06-30 03:45:00+01:00,1.3717986345291138,1.372118592262268,1.3717044591903687,1.3718174695968628,0,0.0,0.0
202,2025-06-30 04:00:00+01:00,1.3717232942581177,1.372099757194519,1.3715540170669556,1.3719302415847778,0,0.0,0.0
203,2025-06-30 04:15:00+01:00,1.372024416923523,1.3721562623977661,1.3718174695968628,1.3719114065170288,0,0.0,0.0
204,2025-06-30 04:30:00+01:00,1.3718738555908203,1.3719114065170288,1.3712154626846313,1.3712718486785889,0,0.0,0.0
205,2025-06-30 04:45:00+01:00,1.371441125869751,1.3715351819992065,1.3713659048080444,1.3713659048080444,0,0.0,0.0
206,2025-06-30 05:00:00+01:00,1.3712718486785889,1.3716856241226196,1.3712718486785889,1.371591567993164,0,0.0,0.0
207,2025-06-30 05:15:00+01:00,1.3716667890548706,1.3718926906585693,1.3715351819992065,1.3718926906585693,0,0.0,0.0
208,2025-06-30 05:30:00+01:00,1.3718550205230713,1.3726271390914917,1.3718361854553223,1.3725706338882446,0,0.0,0.0
209,2025-06-30 05:45:00+01:00,1.372589349746704,1.3730417490005493,1.372419834136963,1.3730417490005493,0,0.0,0.0
210,2025-06-30 06:00:00+01:00,1.3730417490005493,1.3737962245941162,1.3730227947235107,1.3735508918762207,0,0.0,0.0
211,2025-06-30 06:15:00+01:00,1.3735508918762207,1.3739094734191895,1.3735508918762207,1.373701810836792,0,0.0,0.0
212,2025-06-30 06:30:00+01:00,1.3737773895263672,1.3740605115890503,1.3732303380966187,1.3732303380966187,0,0.0,0.0
213,2025-06-30 06:45:00+01:00,1.3733056783676147,1.3733623027801514,1.3727778196334839,1.3728909492492676,0,0.0,0.0
214,2025-06-30 07:00:00+01:00,1.372909665107727,1.3730039596557617,1.372589349746704,1.3729851245880127,0,0.0,0.0
215,2025-06-30 07:15:00+01:00,1.3728909492492676,1.37321138381958,1.3723633289337158,1.3730417490005493,0,0.0,0.0
216,2025-06-30 07:30:00+01:00,1.37285315990448,1.3733811378479004,1.372796654701233,1.3732868432998657,0,0.0,0.0
217,2025-06-30 07:45:00+01:00,1.3730794191360474,1.3737396001815796,1.3726081848144531,1.3737207651138306,0,0.0,0.0
218,2025-06-30 08:00:00+01:00,1.3733245134353638,1.3733245134353638,1.3715163469314575,1.372024416923523,0,0.0,0.0
219,2025-06-30 08:15:00+01:00,1.372062087059021,1.372062087059021,1.3710650205612183,1.3710650205612183,0,0.0,0.0
220,2025-06-30 08:30:00+01:00,1.3707830905914307,1.3714975118637085,1.3706891536712646,1.3706891536712646,0,0.0,0.0
221,2025-06-30 08:45:00+01:00,1.3708770275115967,1.3710463047027588,1.3704450130462646,1.3704450130462646,0,0.0,0.0
222,2025-06-30 09:00:00+01:00,1.3704450130462646,1.3705388307571411,1.3694502115249634,1.3695628643035889,0,0.0,0.0
223,2025-06-30 09:15:00+01:00,1.3696191310882568,1.3701820373535156,1.3695628643035889,1.3697129487991333,0,0.0,0.0
224,2025-06-30 09:30:00+01:00,1.3698067665100098,1.3702008724212646,1.3696941137313843,1.3701069355010986,0,0.0,0.0
225,2025-06-30 09:45:00+01:00,1.3701446056365967,1.3702008724212646,1.3696941137313843,1.3700695037841797,0,0.0,0.0
226,2025-06-30 10:00:00+01:00,1.3699568510055542,1.3702572584152222,1.3697316646575928,1.3699380159378052,0,0.0,0.0
227,2025-06-30 10:15:00+01:00,1.3700695037841797,1.370369791984558,1.3698817491531372,1.3700695037841797,0,0.0,0.0
228,2025-06-30 10:30:00+01:00,1.3701633214950562,1.3701633214950562,1.3694316148757935,1.3696191310882568,0,0.0,0.0
229,2025-06-30 10:45:00+01:00,1.3694690465927124,1.3697690963745117,1.369281530380249,1.369506597518921,0,0.0,0.0
230,2025-06-30 11:00:00+01:00,1.369187831878662,1.3694690465927124,1.3691315650939941,1.3693002462387085,0,0.0,0.0
231,2025-06-30 11:15:00+01:00,1.369187831878662,1.3698443174362183,1.3691691160202026,1.3697504997253418,0,0.0,0.0
232,2025-06-30 11:30:00+01:00,1.3698254823684692,1.3698443174362183,1.3693002462387085,1.3694502115249634,0,0.0,0.0
233,2025-06-30 11:45:00+01:00,1.3694316148757935,1.3702195882797241,1.3694316148757935,1.3702195882797241,0,0.0,0.0
234,2025-06-30 12:00:00+01:00,1.3702759742736816,1.3705013990402222,1.3698443174362183,1.3704261779785156,0,0.0,0.0
235,2025-06-30 12:15:00+01:00,1.3703886270523071,1.3711777925491333,1.3701820373535156,1.3711214065551758,0,0.0,0.0
236,2025-06-30 12:30:00+01:00,1.3710274696350098,1.3710463047027588,1.3702384233474731,1.3702384233474731,0,0.0,0.0
237,2025-06-30 12:45:00+01:00,1.3702759742736816,1.3711025714874268,1.3702759742736816,1.3706327676773071,0,0.0,0.0
238,2025-06-30 13:00:00+01:00,1.3706327676773071,1.3706327676773071,1.3697879314422607,1.3697879314422607,0,0.0,0.0
239,2025-06-30 13:15:00+01:00,1.3695628643035889,1.3697316646575928,1.3687942028045654,1.3690377473831177,0,0.0,0.0
240,2025-06-30 13:30:00+01:00,1.3690004348754883,1.3690941333770752,1.3685506582260132,1.3689815998077393,0,0.0,0.0
241,2025-06-30 13:45:00+01:00,1.3691315650939941,1.369394063949585,1.368812918663025,1.369281530380249,0,0.0,0.0
242,2025-06-30 14:00:00+01:00,1.3689815998077393,1.369225263595581,1.3687005043029785,1.3690752983093262,0,0.0,0.0
243,2025-06-30 14:15:00+01:00,1.3690752983093262,1.369187831878662,1.3686256408691406,1.3687005043029785,0,0.0,0.0
244,2025-06-30 14:30:00+01:00,1.3687942028045654,1.3688879013061523,1.3680264949798584,1.3688879013061523,0,0.0,0.0
245,2025-06-30 14:45:00+01:00,1.3689066171646118,1.3689066171646118,1.3677833080291748,1.368251085281372,0,0.0,0.0
246,2025-06-30 15:00:00+01:00,1.3684945106506348,1.3690941333770752,1.36759614944458,1.3686069250106812,0,0.0,0.0
247,2025-06-30 15:15:00+01:00,1.3688879013061523,1.3701820373535156,1.368775486946106,1.3698067665100098,0,0.0,0.0
248,2025-06-30 15:30:00+01:00,1.3699755668640137,1.3711214065551758,1.3699755668640137,1.3708394765853882,0,0.0,0.0
249,2025-06-30 15:45:00+01:00,1.3710650205612183,1.3711025714874268,1.3693565130233765,1.3703886270523071,0,0.0,0.0
250,2025-06-30 16:00:00+01:00,1.3699944019317627,1.3707268238067627,1.3699193000793457,1.3706891536712646,0,0.0,0.0
251,2025-06-30 16:15:00+01:00,1.3708019256591797,1.3711966276168823,1.3697129487991333,1.3701257705688477,0,0.0,0.0
252,2025-06-30 16:30:00+01:00,1.3703135251998901,1.3712154626846313,1.3702008724212646,1.3712154626846313,0,0.0,0.0
253,2025-06-30 16:45:00+01:00,1.3706704378128052,1.3723068237304688,1.3706704378128052,1.372043251991272,0,0.0,0.0
254,2025-06-30 17:00:00+01:00,1.372062087059021,1.3723444938659668,1.371309518814087,1.371309518814087,0,0.0,0.0
255,2025-06-30 17:15:00+01:00,1.3715163469314575,1.3715728521347046,1.3704637289047241,1.3706140518188477,0,0.0,0.0
256,2025-06-30 17:30:00+01:00,1.3706704378128052,1.3706891536712646,1.3699944019317627,1.3702008724212646,0,0.0,0.0
257,2025-06-30 17:45:00+01:00,1.3703510761260986,1.371422290802002,1.3703135251998901,1.371422290802002,0,0.0,0.0
258,2025-06-30 18:00:00+01:00,1.3715163469314575,1.3717796802520752,1.3712530136108398,1.3712530136108398,0,0.0,0.0
259,2025-06-30 18:15:00+01:00,1.3711214065551758,1.3717421293258667,1.3711214065551758,1.3714975118637085,0,0.0,0.0
260,2025-06-30 18:30:00+01:00,1.3715540170669556,1.3715540170669556,1.3709522485733032,1.3711590766906738,0,0.0,0.0
261,2025-06-30 18:45:00+01:00,1.3711025714874268,1.3711777925491333,1.3706891536712646,1.3710086345672607,0,0.0,0.0
262,2025-06-30 19:00:00+01:00,1.3710274696350098,1.3716667890548706,1.3709334135055542,1.371478796005249,0,0.0,0.0
263,2025-06-30 19:15:00+01:00,1.3715163469314575,1.372118592262268,1.3715163469314575,1.3718738555908203,0,0.0,0.0
264,2025-06-30 19:30:00+01:00,1.3719868659973145,1.372099757194519,1.3716480731964111,1.3718738555908203,0,0.0,0.0
265,2025-06-30 19:45:00+01:00,1.3718550205230713,1.3719490766525269,1.371610403060913,1.3719114065170288,0,0.0,0.0
266,2025-06-30 20:00:00+01:00,1.3717044591903687,1.3720808029174805,1.3716480731964111,1.3717232942581177,0,0.0,0.0
267,2025-06-30 20:15:00+01:00,1.3717044591903687,1.3723256587982178,1.3717044591903687,1.372118592262268,0,0.0,0.0
268,2025-06-30 20:30:00+01:00,1.372043251991272,1.372457504272461,1.372043251991272,1.372419834136963,0,0.0,0.0
269,2025-06-30 20:45:00+01:00,1.3723256587982178,1.3727778196334839,1.372099757194519,1.3727778196334839,0,0.0,0.0
270,2025-06-30 21:00:00+01:00,1.3726081848144531,1.3732490539550781,1.3725706338882446,1.3730227947235107,0,0.0,0.0
271,2025-06-30 21:15:00+01:00,1.3730417490005493,1.373437762260437,1.3730227947235107,1.373437762260437,0,0.0,0.0
272,2025-06-30 21:30:00+01:00,1.3734188079833984,1.3735320568084717,1.3732490539550781,1.3733811378479004,0,0.0,0.0
273,2025-06-30 21:45:00+01:00,1.3732490539550781,1.3736640214920044,1.3729286193847656,1.373437762260437,0,0.0,0.0
274,2025-06-30 22:00:00+01:00,1.3730605840682983,1.3735697269439697,1.3723821640014648,1.3726646900177002,0,0.0,0.0
275,2025-06-30 22:15:00+01:00,1.3726271390914917,1.3729851245880127,1.3721749782562256,1.3729851245880127,0,0.0,0.0
276,2025-06-30 22:30:00+01:00,1.372834324836731,1.3733056783676147,1.372834324836731,1.3730794191360474,0,0.0,0.0
277,2025-06-30 22:45:00+01:00,1.373192548751831,1.37321138381958,1.3728909492492676,1.3729474544525146,0,0.0,0.0
278,2025-06-30 23:00:00+01:00,1.373136043548584,1.3733433485031128,1.3727589845657349,1.37321138381958,0,0.0,0.0
279,2025-06-30 23:15:00+01:00,1.3731547594070435,1.3736075162887573,1.3731547594070435,1.373437762260437,0,0.0,0.0
280,2025-06-30 23:30:00+01:00,1.373682975769043,1.373682975769043,1.3730794191360474,1.3733245134353638,0,0.0,0.0
281,2025-06-30 23:45:00+01:00,1.373456597328186,1.373475432395935,1.373136043548584,1.373136043548584,0,0.0,0.0
282,2025-07-01 00:00:00+01:00,1.3732490539550781,1.3734188079833984,1.37321138381958,1.3732680082321167,0,0.0,0.0
283,2025-07-01 00:15:00+01:00,1.3733245134353638,1.3733245134353638,1.3730227947235107,1.3730227947235107,0,0.0,0.0
284,2025-07-01 00:30:00+01:00,1.3730794191360474,1.3732490539550781,1.3730227947235107,1.373136043548584,0,0.0,0.0
285,2025-07-01 00:45:00+01:00,1.3731170892715454,1.3733245134353638,1.3730605840682983,1.3732680082321167,0,0.0,0.0
286,2025-07-01 01:00:00+01:00,1.373645305633545,1.3738716840744019,1.373456597328186,1.3737584352493286,0,0.0,0.0
287,2025-07-01 01:15:00+01:00,1.3739283084869385,1.3739283084869385,1.3732680082321167,1.3735320568084717,0,0.0,0.0
288,2025-07-01 01:30:00+01:00,1.3739094734191895,1.3740605115890503,1.3736640214920044,1.373682975769043,0,0.0,0.0
289,2025-07-01 01:45:00+01:00,1.3736075162887573,1.3742115497589111,1.3736075162887573,1.3742115497589111,0,0.0,0.0
290,2025-07-01 02:00:00+01:00,1.374154806137085,1.374306082725525,1.3740227222442627,1.3742871284484863,0,0.0,0.0
291,2025-07-01 02:15:00+01:00,1.3742871284484863,1.374986171722412,1.3740793466567993,1.3740793466567993,0,0.0,0.0
292,2025-07-01 02:30:00+01:00,1.373966097831726,1.373966097831726,1.3729851245880127,1.3733623027801514,0,0.0,0.0
293,2025-07-01 02:45:00+01:00,1.373437762260437,1.373437762260437,1.3727024793624878,1.3727024793624878,0,0.0,0.0
294,2025-07-01 03:00:00+01:00,1.3726646900177002,1.3729286193847656,1.372589349746704,1.3729286193847656,0,0.0,0.0
295,2025-07-01 03:15:00+01:00,1.3729286193847656,1.373173713684082,1.37285315990448,1.3730794191360474,0,0.0,0.0
296,2025-07-01 03:30:00+01:00,1.3730982542037964,1.3732680082321167,1.3729286193847656,1.3729286193847656,0,0.0,0.0
297,2025-07-01 03:45:00+01:00,1.3730794191360474,1.3737962245941162,1.3730794191360474,1.3737396001815796,0,0.0,0.0
298,2025-07-01 04:00:00+01:00,1.3737396001815796,1.374117136001587,1.3737396001815796,1.374098300933838,0,0.0,0.0
299,2025-07-01 04:15:00+01:00,1.374154806137085,1.3746649026870728,1.3740605115890503,1.3741360902786255,0,0.0,0.0
300,2025-07-01 04:30:00+01:00,1.374098300933838,1.3744193315505981,1.3738528490066528,1.3743627071380615,0,0.0,0.0
301,2025-07-01 04:45:00+01:00,1.3744003772735596,1.3746271133422852,1.3737396001815796,1.3737962245941162,0,0.0,0.0
302,2025-07-01 05:00:00+01:00,1.3739094734191895,1.3745516538619995,1.3739094734191895,1.3745137453079224,0,0.0,0.0
303,2025-07-01 05:15:00+01:00,1.3744947910308838,1.3748160600662231,1.3744947910308838,1.3745516538619995,0,0.0,0.0
304,2025-07-01 05:30:00+01:00,1.3744759559631348,1.3744759559631348,1.3738906383514404,1.3738906383514404,0,0.0,0.0
305,2025-07-01 05:45:00+01:00,1.3738716840744019,1.3741360902786255,1.373701810836792,1.3740227222442627,0,0.0,0.0
306,2025-07-01 06:00:00+01:00,1.374098300933838,1.3744381666183472,1.374098300933838,1.374306082725525,0,0.0,0.0
307,2025-07-01 06:15:00+01:00,1.3742681741714478,1.3745893239974976,1.3739283084869385,1.374570369720459,0,0.0,0.0
308,2025-07-01 06:30:00+01:00,1.3746082782745361,1.3748916387557983,1.374343752861023,1.3744381666183472,0,0.0,0.0
309,2025-07-01 06:45:00+01:00,1.3741360902786255,1.374721646308899,1.3741360902786255,1.3746649026870728,0,0.0,0.0
310,2025-07-01 07:00:00+01:00,1.3746082782745361,1.3746082782745361,1.3740605115890503,1.374343752861023,0,0.0,0.0
311,2025-07-01 07:15:00+01:00,1.3743815422058105,1.374910593032837,1.373984932899475,1.374910593032837,0,0.0,0.0
312,2025-07-01 07:30:00+01:00,1.3748916387557983,1.3750430345535278,1.3739094734191895,1.3744947910308838,0,0.0,0.0
313,2025-07-01 07:45:00+01:00,1.3744003772735596,1.3744003772735596,1.373947262763977,1.374098300933838,0,0.0,0.0
314,2025-07-01 08:00:00+01:00,1.3738528490066528,1.3755347728729248,1.3735508918762207,1.3752509355545044,0,0.0,0.0
315,2025-07-01 08:15:00+01:00,1.3752888441085815,1.3758375644683838,1.375118613243103,1.3753455877304077,0,0.0,0.0
316,2025-07-01 08:30:00+01:00,1.3755537271499634,1.3757997751235962,1.3751943111419678,1.3755725622177124,0,0.0,0.0
317,2025-07-01 08:45:00+01:00,1.3754401206970215,1.3767846822738647,1.3754401206970215,1.3767846822738647,0,0.0,0.0
318,2025-07-01 09:00:00+01:00,1.3767088651657104,1.3767467737197876,1.3759511709213257,1.376064658164978,0,0.0,0.0
319,2025-07-01 09:15:00+01:00,1.3759700059890747,1.3765382766723633,1.3759700059890747,1.37631094455719,0,0.0,0.0
320,2025-07-01 09:30:00+01:00,1.3762919902801514,1.3774863481521606,1.3760268688201904,1.376822590827942,0,0.0,0.0
321,2025-07-01 09:45:00+01:00,1.3767846822738647,1.3783026933670044,1.3767846822738647,1.3776381015777588,0,0.0,0.0
322,2025-07-01 10:00:00+01:00,1.37723970413208,1.37723970413208,1.3759889602661133,1.3759889602661133,0,0.0,0.0
323,2025-07-01 10:15:00+01:00,1.3767467737197876,1.3774104118347168,1.3764245510101318,1.3771828413009644,0,0.0,0.0
324,2025-07-01 10:30:00+01:00,1.3776192665100098,1.3781318664550781,1.377581238746643,1.377581238746643,0,0.0,0.0
325,2025-07-01 10:45:00+01:00,1.3777329921722412,1.3779609203338623,1.377543330192566,1.3776381015777588,0,0.0,0.0
326,2025-07-01 11:00:00+01:00,1.377808928489685,1.3788729906082153,1.377695083618164,1.3788729906082153,0,0.0,0.0
327,2025-07-01 11:15:00+01:00,1.3786258697509766,1.378720760345459,1.3779419660568237,1.3779419660568237,0,0.0,0.0
328,2025-07-01 11:30:00+01:00,1.3781888484954834,1.3781888484954834,1.377581238746643,1.3779988288879395,0,0.0,0.0
329,2025-07-01 11:45:00+01:00,1.3780179023742676,1.3784737586975098,1.377695083618164,1.377695083618164,0,0.0,0.0
330,2025-07-01 12:00:00+01:00,1.3774863481521606,1.3778280019760132,1.3771638870239258,1.3773914575576782,0,0.0,0.0
331,2025-07-01 12:15:00+01:00,1.3773345947265625,1.3773345947265625,1.376595139503479,1.3766520023345947,0,0.0,0.0
332,2025-07-01 12:30:00+01:00,1.376595139503479,1.3774104118347168,1.3763866424560547,1.3774104118347168,0,0.0,0.0
333,2025-07-01 12:45:00+01:00,1.377467393875122,1.377467393875122,1.3756104707717896,1.3756104707717896,0,0.0,0.0
334,2025-07-01 13:00:00+01:00,1.3755347728729248,1.3759700059890747,1.374910593032837,1.3750618696212769,0,0.0,0.0
335,2025-07-01 13:15:00+01:00,1.375118613243103,1.3754401206970215,1.3747594356536865,1.3748350143432617,0,0.0,0.0
336,2025-07-01 13:30:00+01:00,1.3747972249984741,1.374948501586914,1.3742871284484863,1.3742871284484863,0,0.0,0.0
337,2025-07-01 13:45:00+01:00,1.3744003772735596,1.3747972249984741,1.374154806137085,1.374192714691162,0,0.0,0.0
338,2025-07-01 14:00:00+01:00,1.3740037679672241,1.3741737604141235,1.373494267463684,1.373494267463684,0,0.0,0.0
339,2025-07-01 14:15:00+01:00,1.3736640214920044,1.3738906383514404,1.37321138381958,1.3733811378479004,0,0.0,0.0
340,2025-07-01 14:30:00+01:00,1.373136043548584,1.3738716840744019,1.3730417490005493,1.373475432395935,0,0.0,0.0
341,2025-07-01 14:45:00+01:00,1.3730605840682983,1.373966097831726,1.3730227947235107,1.3733999729156494,0,0.0,0.0
342,2025-07-01 15:00:00+01:00,1.372005581855774,1.372589349746704,1.3714035749435425,1.371591567993164,0,0.0,0.0
343,2025-07-01 15:15:00+01:00,1.3722316026687622,1.3729474544525146,1.372005581855774,1.3723633289337158,0,0.0,0.0
344,2025-07-01 15:30:00+01:00,1.3725517988204956,1.37285315990448,1.3708958625793457,1.3717044591903687,0,0.0,0.0
345,2025-07-01 15:45:00+01:00,1.3716856241226196,1.3718926906585693,1.3713847398757935,1.3718926906585693,0,0.0,0.0
346,2025-07-01 16:00:00+01:00,1.3715163469314575,1.3717232942581177,1.3708770275115967,1.3709334135055542,0,0.0,0.0
347,2025-07-01 16:15:00+01:00,1.3709522485733032,1.371422290802002,1.3706516027450562,1.3708770275115967,0,0.0,0.0
348,2025-07-01 16:30:00+01:00,1.3705013990402222,1.3714975118637085,1.3705013990402222,1.3711025714874268,0,0.0,0.0
349,2025-07-01 16:45:00+01:00,1.3711966276168823,1.3723821640014648,1.3711966276168823,1.3723821640014648,0,0.0,0.0
350,2025-07-01 17:00:00+01:00,1.372419834136963,1.37247633934021,1.3715728521347046,1.37247633934021,0,0.0,0.0
351,2025-07-01 17:15:00+01:00,1.3723068237304688,1.3723068237304688,1.3713847398757935,1.3715163469314575,0,0.0,0.0
352,2025-07-01 17:30:00+01:00,1.3714975118637085,1.372438669204712,1.3714975118637085,1.372438669204712,0,0.0,0.0
353,2025-07-01 17:45:00+01:00,1.3723633289337158,1.372532844543457,1.372137427330017,1.3723821640014648,0,0.0,0.0
354,2025-07-01 18:00:00+01:00,1.3726646900177002,1.3729851245880127,1.3722691535949707,1.3729851245880127,0,0.0,0.0
355,2025-07-01 18:15:00+01:00,1.3729286193847656,1.373456597328186,1.3726271390914917,1.3733245134353638,0,0.0,0.0
356,2025-07-01 18:30:00+01:00,1.373456597328186,1.373682975769043,1.3734188079833984,1.373475432395935,0,0.0,0.0
357,2025-07-01 18:45:00+01:00,1.3734188079833984,1.3738150596618652,1.3733433485031128,1.3737396001815796,0,0.0,0.0
358,2025-07-01 19:00:00+01:00,1.3737584352493286,1.3737584352493286,1.373513102531433,1.3735697269439697,0,0.0,0.0
359,2025-07-01 19:15:00+01:00,1.3736075162887573,1.3736075162887573,1.3732303380966187,1.373494267463684,0,0.0,0.0
360,2025-07-01 19:30:00+01:00,1.373456597328186,1.3736075162887573,1.3733999729156494,1.3736075162887573,0,0.0,0.0
361,2025-07-01 19:45:00+01:00,1.3735697269439697,1.3737396001815796,1.3733245134353638,1.3737207651138306,0,0.0,0.0
362,2025-07-01 20:00:00+01:00,1.3738338947296143,1.3742493391036987,1.3735885620117188,1.3742493391036987,0,0.0,0.0
363,2025-07-01 20:15:00+01:00,1.374192714691162,1.374192714691162,1.3737396001815796,1.3737396001815796,0,0.0,0.0
364,2025-07-01 20:30:00+01:00,1.3738150596618652,1.3738528490066528,1.3736640214920044,1.3737584352493286,0,0.0,0.0
365,2025-07-01 20:45:00+01:00,1.3738528490066528,1.3740416765213013,1.3738150596618652,1.3740037679672241,0,0.0,0.0
366,2025-07-01 21:00:00+01:00,1.3741360902786255,1.3742681741714478,1.3740227222442627,1.3742115497589111,0,0.0,0.0
367,2025-07-01 21:15:00+01:00,1.3740416765213013,1.3748350143432617,1.373984932899475,1.3748350143432617,0,0.0,0.0
368,2025-07-01 21:30:00+01:00,1.3748916387557983,1.375118613243103,1.3746082782745361,1.3748728036880493,0,0.0,0.0
369,2025-07-01 21:45:00+01:00,1.374778389930725,1.3748350143432617,1.3745893239974976,1.3747594356536865,0,0.0,0.0
370,2025-07-01 22:00:00+01:00,1.3745893239974976,1.3752131462097168,1.3743247985839844,1.3746271133422852,0,0.0,0.0
371,2025-07-01 22:15:00+01:00,1.374740481376648,1.3748916387557983,1.3746271133422852,1.374721646308899,0,0.0,0.0
372,2025-07-01 22:30:00+01:00,1.3746459484100342,1.3748160600662231,1.3745893239974976,1.3746082782745361,0,0.0,0.0
373,2025-07-01 22:45:00+01:00,1.374721646308899,1.3747972249984741,1.374570369720459,1.374778389930725,0,0.0,0.0
374,2025-07-01 23:00:00+01:00,1.3747972249984741,1.3747972249984741,1.3744193315505981,1.3746082782745361,0,0.0,0.0
375,2025-07-01 23:15:00+01:00,1.374532699584961,1.3746082782745361,1.3742493391036987,1.3743815422058105,0,0.0,0.0
376,2025-07-01 23:30:00+01:00,1.3744571208953857,1.3745893239974976,1.3744571208953857,1.374532699584961,0,0.0,0.0
377,2025-07-01 23:45:00+01:00,1.3745516538619995,1.3746082782745361,1.374306082725525,1.3743247985839844,0,0.0,0.0
378,2025-07-02 00:00:00+01:00,1.3743627071380615,1.3745137453079224,1.3741737604141235,1.3743815422058105,0,0.0,0.0
379,2025-07-02 00:15:00+01:00,1.3744381666183472,1.3744381666183472,1.3742303848266602,1.3744193315505981,0,0.0,0.0
380,2025-07-02 00:30:00+01:00,1.3744381666183472,1.3747026920318604,1.3744381666183472,1.3747026920318604,0,0.0,0.0
381,2025-07-02 00:45:00+01:00,1.374740481376648,1.374740481376648,1.3744759559631348,1.374721646308899,0,0.0,0.0
382,2025-07-02 01:00:00+01:00,1.374721646308899,1.374721646308899,1.3744003772735596,1.374570369720459,0,0.0,0.0
383,2025-07-02 01:15:00+01:00,1.374532699584961,1.3747026920318604,1.374343752861023,1.3743815422058105,0,0.0,0.0
384,2025-07-02 01:30:00+01:00,1.3743247985839844,1.3746271133422852,1.3743247985839844,1.3746271133422852,0,0.0,0.0
385,2025-07-02 01:45:00+01:00,1.3746271133422852,1.374948501586914,1.3745893239974976,1.3748916387557983,0,0.0,0.0
386,2025-07-02 02:00:00+01:00,1.3747594356536865,1.3750430345535278,1.3747594356536865,1.3750051259994507,0,0.0,0.0
387,2025-07-02 02:15:00+01:00,1.3750996589660645,1.3752888441085815,1.3750240802764893,1.3752509355545044,0,0.0,0.0
388,2025-07-02 02:30:00+01:00,1.375269889831543,1.375269889831543,1.374910593032837,1.374986171722412,0,0.0,0.0
389,2025-07-02 02:45:00+01:00,1.3750240802764893,1.3750240802764893,1.3737396001815796,1.3738528490066528,0,0.0,0.0
390,2025-07-02 03:00:00+01:00,1.3739094734191895,1.3739283084869385,1.3733623027801514,1.3737396001815796,0,0.0,0.0
391,2025-07-02 03:15:00+01:00,1.3738906383514404,1.3742493391036987,1.3738150596618652,1.3742493391036987,0,0.0,0.0
392,2025-07-02 03:30:00+01:00,1.3743247985839844,1.374532699584961,1.3742871284484863,1.3744571208953857,0,0.0,0.0
393,2025-07-02 03:45:00+01:00,1.3744571208953857,1.3749295473098755,1.3744571208953857,1.3746459484100342,0,0.0,0.0
394,2025-07-02 04:00:00+01:00,1.3747594356536865,1.3751753568649292,1.3746838569641113,1.3750240802764893,0,0.0,0.0
395,2025-07-02 04:15:00+01:00,1.375118613243103,1.375118613243103,1.3746649026870728,1.374721646308899,0,0.0,0.0
396,2025-07-02 04:30:00+01:00,1.3747594356536865,1.3748539686203003,1.374532699584961,1.374532699584961,0,0.0,0.0
397,2025-07-02 04:45:00+01:00,1.3745137453079224,1.3746082782745361,1.3740793466567993,1.3746082782745361,0,0.0,0.0
398,2025-07-02 05:00:00+01:00,1.3746271133422852,1.3746649026870728,1.374570369720459,1.3746459484100342,0,0.0,0.0
399,2025-07-02 05:15:00+01:00,1.3746271133422852,1.3746271133422852,1.3744193315505981,1.3744947910308838,0,0.0,0.0
400,2025-07-02 05:30:00+01:00,1.3745516538619995,1.3746459484100342,1.3744571208953857,1.3745893239974976,0,0.0,0.0
401,2025-07-02 05:45:00+01:00,1.3745516538619995,1.3746082782745361,1.3744759559631348,1.3744759559631348,0,0.0,0.0
402,2025-07-02 06:00:00+01:00,1.3744381666183472,1.374570369720459,1.3737396001815796,1.3737962245941162,0,0.0,0.0
403,2025-07-02 06:15:00+01:00,1.3737773895263672,1.3737773895263672,1.373437762260437,1.3736075162887573,0,0.0,0.0
404,2025-07-02 06:30:00+01:00,1.3737396001815796,1.3742303848266602,1.3736640214920044,1.3742115497589111,0,0.0,0.0
405,2025-07-02 06:45:00+01:00,1.374117136001587,1.374117136001587,1.3733245134353638,1.3736075162887573,0,0.0,0.0
406,2025-07-02 07:00:00+01:00,1.3735697269439697,1.3739283084869385,1.3734188079833984,1.3739094734191895,0,0.0,0.0
407,2025-07-02 07:15:00+01:00,1.3740793466567993,1.3740793466567993,1.3735697269439697,1.3738338947296143,0,0.0,0.0
408,2025-07-02 07:30:00+01:00,1.373947262763977,1.373947262763977,1.3726081848144531,1.3727213144302368,0,0.0,0.0
409,2025-07-02 07:45:00+01:00,1.3726271390914917,1.3730227947235107,1.372099757194519,1.3730227947235107,0,0.0,0.0
410,2025-07-02 08:00:00+01:00,1.372532844543457,1.3725706338882446,1.372043251991272,1.372495174407959,0,0.0,0.0
411,2025-07-02 08:15:00+01:00,1.3723633289337158,1.372532844543457,1.371629238128662,1.3719680309295654,0,0.0,0.0
412,2025-07-02 08:30:00+01:00,1.3714035749435425,1.372005581855774,1.3713659048080444,1.371591567993164,0,0.0,0.0
413,2025-07-02 08:45:00+01:00,1.3715351819992065,1.3717608451843262,1.3706891536712646,1.3706891536712646,0,0.0,0.0
414,2025-07-02 09:00:00+01:00,1.3704261779785156,1.3711402416229248,1.3704074621200562,1.3709710836410522,0,0.0,0.0
415,2025-07-02 09:15:00+01:00,1.3709899187088013,1.3709899187088013,1.3703510761260986,1.3707642555236816,0,0.0,0.0
416,2025-07-02 09:30:00+01:00,1.3706704378128052,1.3706704378128052,1.3698254823684692,1.3703510761260986,0,0.0,0.0
417,2025-07-02 09:45:00+01:00,1.3703323602676392,1.3703323602676392,1.3695253133773804,1.3698443174362183,0,0.0,0.0
418,2025-07-02 10:00:00+01:00,1.3700883388519287,1.3700883388519287,1.3691315650939941,1.3691315650939941,0,0.0,0.0
419,2025-07-02 10:15:00+01:00,1.3692628145217896,1.3694127798080444,1.3689628839492798,1.3691691160202026,0,0.0,0.0
420,2025-07-02 10:30:00+01:00,1.369187831878662,1.3698630332946777,1.369187831878662,1.3697879314422607,0,0.0,0.0
421,2025-07-02 10:45:00+01:00,1.3698443174362183,1.3698443174362183,1.3690004348754883,1.3690565824508667,0,0.0,0.0
422,2025-07-02 11:00:00+01:00,1.3691691160202026,1.3707079887390137,1.3691691160202026,1.3707079887390137,0,0.0,0.0
423,2025-07-02 11:15:00+01:00,1.3704825639724731,1.3704825639724731,1.3700131177902222,1.3700131177902222,0,0.0,0.0
424,2025-07-02 11:30:00+01:00,1.3700131177902222,1.3707268238067627,1.3700131177902222,1.3706516027450562,0,0.0,0.0
425,2025-07-02 11:45:00+01:00,1.3705388307571411,1.3705952167510986,1.3700131177902222,1.3703510761260986,0,0.0,0.0
426,2025-07-02 12:00:00+01:00,1.3698443174362183,1.3712154626846313,1.3698443174362183,1.3711025714874268,0,0.0,0.0
427,2025-07-02 12:15:00+01:00,1.3712530136108398,1.3713659048080444,1.3704261779785156,1.3704261779785156,0,0.0,0.0
428,2025-07-02 12:30:00+01:00,1.3705952167510986,1.3708207607269287,1.3702195882797241,1.3703886270523071,0,0.0,0.0
429,2025-07-02 12:45:00+01:00,1.3699193000793457,1.3701820373535156,1.3661948442459106,1.3661948442459106,0,0.0,0.0
430,2025-07-02 13:00:00+01:00,1.3652995824813843,1.3667550086975098,1.3638471364974976,1.3638471364974976,0,0.0,0.0
431,2025-07-02 13:15:00+01:00,1.3659336566925049,1.3660643100738525,1.3655046224594116,1.3655232191085815,0,0.0,0.0
