Date,Open,High,Low,Close,Volume,Dividends,Stock Splits
2025-01-02 00:00:00+00:00,1.2521003484725952,1.2540757656097412,1.2360633611679077,1.2519248723983765,0,0.0,0.0
2025-01-03 00:00:00+00:00,1.2380222082138062,1.2419891357421875,1.237884283065796,1.2380222082138062,0,0.0,0.0
2025-01-06 00:00:00+00:00,1.24251389503479,1.2550673484802246,1.241896629333496,1.2426837682724,0,0.0,0.0
2025-01-07 00:00:00+00:00,1.2510634660720825,1.2576401233673096,1.2485017776489258,1.2510946989059448,0,0.0,0.0
2025-01-08 00:00:00+00:00,1.2476606369018555,1.2494065761566162,1.2322555780410767,1.247785210609436,0,0.0,0.0
2025-01-09 00:00:00+00:00,1.2359411716461182,1.2366442680358887,1.2245897054672241,1.2359870672225952,0,0.0,0.0
2025-01-10 00:00:00+00:00,1.229906439781189,1.2321947813034058,1.2196757793426514,1.2299367189407349,0,0.0,0.0
2025-01-13 00:00:00+00:00,1.2204201221466064,1.2207627296447754,1.2101263999938965,1.2204945087432861,0,0.0,0.0
2025-01-14 00:00:00+00:00,1.2231218814849854,1.224289894104004,1.2141668796539307,1.2233314514160156,0,0.0,0.0
2025-01-15 00:00:00+00:00,1.2210757732391357,1.2306934595108032,1.216944694519043,1.221344232559204,0,0.0,0.0
2025-01-16 00:00:00+00:00,1.2243348360061646,1.2248448133468628,1.217700481414795,1.2243348360061646,0,0.0,0.0
2025-01-17 00:00:00+00:00,1.223466157913208,1.2244248390197754,1.2162491083145142,1.2236906290054321,0,0.0,0.0
2025-01-20 00:00:00+00:00,1.2175670862197876,1.2323921918869019,1.2166634798049927,1.2171002626419067,0,0.0,0.0
2025-01-21 00:00:00+00:00,1.2333194017410278,1.2345222234725952,1.2231967449188232,1.233136773109436,0,0.0,0.0
2025-01-22 00:00:00+00:00,1.234126091003418,1.2375471591949463,1.23093581199646,1.2335399389266968,0,0.0,0.0
2025-01-23 00:00:00+00:00,1.231569528579712,1.2358037233352661,1.2294225692749023,1.231420874595642,0,0.0,0.0
2025-01-24 00:00:00+00:00,1.235467791557312,1.2495627403259277,1.2350252866744995,1.2353914976119995,0,0.0,0.0
2025-01-27 00:00:00+00:00,1.2459661960601807,1.2523951530456543,1.242714524269104,1.2459352016448975,0,0.0,0.0
2025-01-28 00:00:00+00:00,1.2454074621200562,1.2465718984603882,1.2416189908981323,1.2460592985153198,0,0.0,0.0
2025-01-29 00:00:00+00:00,1.2442607879638672,1.2462767362594604,1.2394338846206665,1.2441680431365967,0,0.0,0.0
2025-01-30 00:00:00+00:00,1.2455161809921265,1.2475829124450684,1.2425910234451294,1.245530128479004,0,0.0,0.0
2025-01-31 00:00:00+00:00,1.2422515153884888,1.2455471754074097,1.2388964891433716,1.2423903942108154,0,0.0,0.0
2025-02-03 00:00:00+00:00,1.229135513305664,1.2435336112976074,1.2250398397445679,1.2291958332061768,0,0.0,0.0
2025-02-04 00:00:00+00:00,1.2435646057128906,1.2493128776550293,1.2382980585098267,1.2431780099868774,0,0.0,0.0
2025-02-05 00:00:00+00:00,1.2477540969848633,1.2548468112945557,1.2464631795883179,1.2478163242340088,0,0.0,0.0
2025-02-06 00:00:00+00:00,1.2502344846725464,1.2509851455688477,1.2368583679199219,1.2504063844680786,0,0.0,0.0
2025-02-07 00:00:00+00:00,1.2435799837112427,1.2490476369857788,1.2389885187149048,1.2437502145767212,0,0.0,0.0
2025-02-10 00:00:00+00:00,1.2390345335006714,1.2421588897705078,1.237317442893982,1.2391574382781982,0,0.0,0.0
2025-02-11 00:00:00+00:00,1.2361550331115723,1.2425756454467773,1.2334562540054321,1.2360633611679077,0,0.0,0.0
2025-02-12 00:00:00+00:00,1.2452524900436401,1.2464165687561035,1.237930178642273,1.245159387588501,0,0.0,0.0
2025-02-13 00:00:00+00:00,1.2452058792114258,1.254028558731079,1.2444467544555664,1.2450664043426514,0,0.0,0.0
2025-02-14 00:00:00+00:00,1.2567076683044434,1.263024926185608,1.2550673484802246,1.2563445568084717,0,0.0,0.0
2025-02-17 00:00:00+00:00,1.2584631443023682,1.2613998651504517,1.2581149339675903,1.2584155797958374,0,0.0,0.0
2025-02-18 00:00:00+00:00,1.2621641159057617,1.2623871564865112,1.2583681344985962,1.262148141860962,0,0.0,0.0
2025-02-19 00:00:00+00:00,1.26262629032135,1.2639029026031494,1.2571184635162354,1.2625784873962402,0,0.0,0.0
2025-02-20 00:00:00+00:00,1.2583839893341064,1.2648781538009644,1.2581465244293213,1.2584155797958374,0,0.0,0.0
2025-02-21 00:00:00+00:00,1.2670094966888428,1.2678771018981934,1.2631845474243164,1.2670401334762573,0,0.0,0.0
2025-02-24 00:00:00+00:00,1.2649260759353638,1.269196629524231,1.2614158391952515,1.2649900913238525,0,0.0,0.0
2025-02-25 00:00:00+00:00,1.2618932723999023,1.267812728881836,1.2609069347381592,1.261781930923462,0,0.0,0.0
2025-02-26 00:00:00+00:00,1.2673468589782715,1.2707933187484741,1.2636793851852417,1.2674431800842285,0,0.0,0.0
2025-02-27 00:00:00+00:00,1.2681005001068115,1.268890619277954,1.261702299118042,1.2682307958602905,0,0.0,0.0
2025-02-28 00:00:00+00:00,1.25979483127594,1.2622597217559814,1.2575136423110962,1.259890079498291,0,0.0,0.0
2025-03-03 00:00:00+00:00,1.260159969329834,1.2711325883865356,1.258447289466858,1.260398268699646,0,0.0,0.0
2025-03-04 00:00:00+00:00,1.2702445983886719,1.2753963470458984,1.2679204940795898,1.270147681236267,0,0.0,0.0
2025-03-05 00:00:00+00:00,1.2795741558074951,1.287813425064087,1.2768783569335938,1.2794268131256104,0,0.0,0.0
2025-03-06 00:00:00+00:00,1.2889920473098755,1.292306900024414,1.286852240562439,1.2891913652420044,0,0.0,0.0
2025-03-07 00:00:00+00:00,1.2883775234222412,1.2944984436035156,1.287697434425354,1.2885303497314453,0,0.0,0.0
2025-03-10 00:00:00+00:00,1.293326497077942,1.2946324348449707,1.2876144647598267,1.2932428121566772,0,0.0,0.0
2025-03-11 00:00:00+00:00,1.287597894668579,1.2955213785171509,1.2873326539993286,1.2875481843948364,0,0.0,0.0
2025-03-12 00:00:00+00:00,1.294481635093689,1.2988194227218628,1.2914507389068604,1.294481635093689,0,0.0,0.0
2025-03-13 00:00:00+00:00,1.2964956760406494,1.2973533868789673,1.2922234535217285,1.2964283227920532,0,0.0,0.0
2025-03-14 00:00:00+00:00,1.2956725358963013,1.2959076166152954,1.2912389039993286,1.2958402633666992,0,0.0,0.0
2025-03-17 00:00:00+00:00,1.2927913665771484,1.2994775772094727,1.2927913665771484,1.2930588722229004,0,0.0,0.0
2025-03-18 00:00:00+00:00,1.2986000776290894,1.3006099462509155,1.2954374551773071,1.2985326051712036,0,0.0,0.0
2025-03-19 00:00:00+00:00,1.3000519275665283,1.3003731966018677,1.2955548763275146,1.3000519275665283,0,0.0,0.0
2025-03-20 00:00:00+00:00,1.3010668754577637,1.3015241622924805,1.2937448024749756,1.3010668754577637,0,0.0,0.0
2025-03-21 00:00:00+00:00,1.2966468334197998,1.297117829322815,1.2891415357589722,1.2967981100082397,0,0.0,0.0
2025-03-24 00:00:00+00:00,1.2925240993499756,1.2972356081008911,1.290988802909851,1.2924572229385376,0,0.0,0.0
2025-03-25 00:00:00+00:00,1.292290210723877,1.2960922718048096,1.2904558181762695,1.2924238443374634,0,0.0,0.0
2025-03-26 00:00:00+00:00,1.2945318222045898,1.294732928276062,1.2876144647598267,1.2943308353424072,0,0.0,0.0
2025-03-27 00:00:00+00:00,1.2877304553985596,1.2992243766784668,1.2877304553985596,1.2877637147903442,0,0.0,0.0
2025-03-28 00:00:00+00:00,1.2951186895370483,1.2968822717666626,1.2923569679260254,1.295202612876892,0,0.0,0.0
2025-03-31 00:00:00+01:00,1.2939958572387695,1.2972524166107178,1.2890751361846924,1.2938284873962402,0,0.0,0.0
2025-04-01 00:00:00+01:00,1.2919896841049194,1.2940963506698608,1.2880107164382935,1.292089819908142,0,0.0,0.0
2025-04-02 00:00:00+01:00,1.292240023612976,1.2979763746261597,1.2903059720993042,1.292306900024414,0,0.0,0.0
2025-04-03 00:00:00+01:00,1.3044782876968384,1.3204457759857178,1.3028467893600464,1.3046314716339111,0,0.0,0.0
2025-04-04 00:00:00+01:00,1.3090033531188965,1.3112174272537231,1.2915558815002441,1.308866262435913,0,0.0,0.0
2025-04-07 00:00:00+01:00,1.2912389039993286,1.2933598756790161,1.2722808122634888,1.2910722494125366,0,0.0,0.0
2025-04-08 00:00:00+01:00,1.2738852500915527,1.2795906066894531,1.2726532220840454,1.2734960317611694,0,0.0,0.0
2025-04-09 00:00:00+01:00,1.278756022453308,1.2860578298568726,1.2753963470458984,1.2790995836257935,0,0.0,0.0
2025-04-10 00:00:00+01:00,1.2826762199401855,1.2978248596191406,1.2824294567108154,1.2825446128845215,0,0.0,0.0
2025-04-11 00:00:00+01:00,1.2994269132614136,1.3142850399017334,1.298751950263977,1.2992074489593506,0,0.0,0.0
2025-04-14 00:00:00+01:00,1.309088945388794,1.320166826248169,1.3085750341415405,1.3085237741470337,0,0.0,0.0
2025-04-15 00:00:00+01:00,1.3173494338989258,1.3251878023147583,1.3166210651397705,1.3174536228179932,0,0.0,0.0
2025-04-16 00:00:00+01:00,1.3231889009475708,1.3292568922042847,1.3228038549423218,1.323101282119751,0,0.0,0.0
2025-04-17 00:00:00+01:00,1.323328971862793,1.327351450920105,1.3205852508544922,1.3233989477157593,0,0.0,0.0
2025-04-22 00:00:00+01:00,1.3381506204605103,1.34217369556427,1.3358268737792969,1.3379716873168945,0,0.0,0.0
2025-04-23 00:00:00+01:00,1.327316164970398,1.3339202404022217,1.3253458738327026,1.327316164970398,0,0.0,0.0
2025-04-24 00:00:00+01:00,1.3265414237976074,1.3330844640731812,1.3261016607284546,1.326453447341919,0,0.0,0.0
2025-04-25 00:00:00+01:00,1.332746982574463,1.3330134153366089,1.327492356300354,1.3326226472854614,0,0.0,0.0
2025-04-28 00:00:00+01:00,1.3290096521377563,1.3419395685195923,1.3281270265579224,1.3290096521377563,0,0.0,0.0
2025-04-29 00:00:00+01:00,1.343508243560791,1.3442305326461792,1.3381506204605103,1.3436164855957031,0,0.0,0.0
2025-04-30 00:00:00+01:00,1.3412736654281616,1.3414356708526611,1.331061601638794,1.3410794734954834,0,0.0,0.0
2025-05-01 00:00:00+01:00,1.3321610689163208,1.3345255851745605,1.3265942335128784,1.3323917388916016,0,0.0,0.0
2025-05-02 00:00:00+01:00,1.3286564350128174,1.333066701889038,1.3267878293991089,1.3286387920379639,0,0.0,0.0
2025-05-05 00:00:00+01:00,1.327087163925171,1.3336178064346313,1.3262423276901245,1.3271929025650024,0,0.0,0.0
2025-05-06 00:00:00+01:00,1.3290272951126099,1.3400514125823975,1.3262248039245605,1.3292568922042847,0,0.0,0.0
2025-05-07 00:00:00+01:00,1.335309624671936,1.3377031087875366,1.3324273824691772,1.335594892501831,0,0.0,0.0
2025-05-08 00:00:00+01:00,1.3291332721710205,1.3357020616531372,1.3251526355743408,1.3294159173965454,0,0.0,0.0
2025-05-09 00:00:00+01:00,1.324082374572754,1.331788420677185,1.3213530778884888,1.323539137840271,0,0.0,0.0
2025-05-12 00:00:00+01:00,1.3284798860549927,1.3299640417099,1.314198613166809,1.3289036750793457,0,0.0,0.0
2025-05-13 00:00:00+01:00,1.3178355693817139,1.3281270265579224,1.3175404071807861,1.3177834749221802,0,0.0,0.0
2025-05-14 00:00:00+01:00,1.3304595947265625,1.3360588550567627,1.3287447690963745,1.3304418325424194,0,0.0,0.0
2025-05-15 00:00:00+01:00,1.326435923576355,1.3318772315979004,1.326066493988037,1.3263479471206665,0,0.0,0.0
2025-05-16 00:00:00+01:00,1.3303179740905762,1.333191156387329,1.325468897819519,1.3306896686553955,0,0.0,0.0
2025-05-19 00:00:00+01:00,1.3305658102035522,1.3403388261795044,1.329186201095581,1.3305498361587524,0,0.0,0.0
2025-05-20 00:00:00+01:00,1.3359695672988892,1.339620590209961,1.3335466384887695,1.3360053300857544,0,0.0,0.0
2025-05-21 00:00:00+01:00,1.3398540019989014,1.3468012809753418,1.3389748334884644,1.3397821187973022,0,0.0,0.0
2025-05-22 00:00:00+01:00,1.3422459363937378,1.3441040515899658,1.3392080068588257,1.3419036865234375,0,0.0,0.0
2025-05-23 00:00:00+01:00,1.3421378135681152,1.3533447980880737,1.3419395685195923,1.3419216871261597,0,0.0,0.0
2025-05-26 00:00:00+01:00,1.3537845611572266,1.3592866659164429,1.3537662029266357,1.3535828590393066,0,0.0,0.0
2025-05-27 00:00:00+01:00,1.3566679954528809,1.3587141036987305,1.3501471281051636,1.3565207719802856,0,0.0,0.0
2025-05-28 00:00:00+01:00,1.351515769958496,1.3522467613220215,1.3451164960861206,1.3513330221176147,0,0.0,0.0
2025-05-29 00:00:00+01:00,1.3426964282989502,1.3507490158081055,1.3421016931533813,1.3431472778320312,0,0.0,0.0
2025-05-30 00:00:00+01:00,1.3499648571014404,1.3511505126953125,1.3450984954833984,1.3498992919921875,0,0.0,0.0
2025-06-02 00:00:00+01:00,1.3469464778900146,1.355968952178955,1.3469464778900146,1.346728801727295,0,0.0,0.0
2025-06-03 00:00:00+01:00,1.3557300567626953,1.355821967124939,1.3494731187820435,1.3556748628616333,0,0.0,0.0
2025-06-04 00:00:00+01:00,1.3531616926193237,1.358105182647705,1.3502565622329712,1.353143334388733,0,0.0,0.0
2025-06-05 00:00:00+01:00,1.3551788330078125,1.3617299795150757,1.354132890701294,1.3552155494689941,0,0.0,0.0
2025-06-06 00:00:00+01:00,1.357994556427002,1.358540654182434,1.3508037328720093,1.3579576015472412,0,0.0,0.0
2025-06-09 00:00:00+01:00,1.3537296056747437,1.3581604957580566,1.3524478673934937,1.3538211584091187,0,0.0,0.0
2025-06-10 00:00:00+01:00,1.355380892753601,1.3564839363098145,1.3458950519561768,1.3556748628616333,0,0.0,0.0
2025-06-11 00:00:00+01:00,1.350858449935913,1.3557300567626953,1.3464748859405518,1.3508219718933105,0,0.0,0.0
2025-06-12 00:00:00+01:00,1.3568705320358276,1.3623607158660889,1.3526124954223633,1.3567416667938232,0,0.0,0.0
2025-06-13 00:00:00+01:00,1.36306631565094,1.3632521629333496,1.3517167568206787,1.3627691268920898,0,0.0,0.0
2025-06-16 00:00:00+01:00,1.3547013998031616,1.362323522567749,1.3536012172698975,1.3557006120681763,0,0.0,0.0
2025-06-17 00:00:00+01:00,1.3568521738052368,1.3580129146575928,1.3497644662857056,1.3565576076507568,0,0.0,0.0
2025-06-18 00:00:00+01:00,1.343075156211853,1.3477089405059814,1.3427865505218506,1.3430029153823853,0,0.0,0.0
2025-06-19 00:00:00+01:00,1.3415075540542603,1.3450080156326294,1.3383835554122925,1.3416515588760376,0,0.0,0.0
2025-06-20 00:00:00+01:00,1.3478723764419556,1.3511322736740112,1.3456052541732788,1.3476725816726685,0,0.0,0.0
2025-06-23 00:00:00+01:00,1.3436886072158813,1.3505300283432007,1.3373453617095947,1.3435983657836914,0,0.0,0.0
2025-06-24 00:00:00+01:00,1.3546464443206787,1.3646661043167114,1.353747844696045,1.3545364141464233,0,0.0,0.0
2025-06-25 00:00:00+01:00,1.361488938331604,1.3634381294250488,1.3592497110366821,1.361488938331604,0,0.0,0.0
2025-06-26 00:00:00+01:00,1.3691315650939941,1.3764814138412476,1.3678767681121826,1.369187831878662,0,0.0,0.0
2025-06-27 00:00:00+01:00,1.3726835250854492,1.3751753568649292,1.3705388307571411,1.37247633934021,0,0.0,0.0
2025-06-30 00:00:00+01:00,1.372062087059021,1.3741360902786255,1.3676148653030396,1.3719680309295654,0,0.0,0.0
2025-07-01 00:00:00+01:00,1.373437762260437,1.3788729906082153,1.3705388307571411,1.3730605840682983,0,0.0,0.0
2025-07-02 00:00:00+01:00,1.3747972249984741,1.3752888441085815,1.3638471364974976,1.3655232191085815,0,0.0,0.0
