,Date,Open,High,Low,Close,Volume,Dividends,Stock Splits
0,2025-06-26 00:30:00+01:00,85.9739990234375,85.9800033569336,85.9739990234375,85.9800033569336,0,0.0,0.0
1,2025-06-26 00:45:00+01:00,85.9800033569336,85.98100280761719,85.96399688720703,85.96399688720703,0,0.0,0.0
2,2025-06-26 01:00:00+01:00,85.96399688720703,85.96399688720703,85.91999816894531,85.91999816894531,0,0.0,0.0
3,2025-06-26 01:15:00+01:00,85.91999816894531,85.95800018310547,85.91799926757812,85.93900299072266,0,0.0,0.0
4,2025-06-26 01:30:00+01:00,85.93599700927734,85.95700073242188,85.93299865722656,85.9520034790039,0,0.0,0.0
5,2025-06-26 01:45:00+01:00,85.9520034790039,86.01000213623047,85.93499755859375,85.93800354003906,0,0.0,0.0
6,2025-06-26 02:00:00+01:00,85.93599700927734,85.94300079345703,85.93000030517578,85.93900299072266,0,0.0,0.0
7,2025-06-26 02:15:00+01:00,85.93900299072266,85.97100067138672,85.93299865722656,85.96800231933594,0,0.0,0.0
8,2025-06-26 02:30:00+01:00,85.98200225830078,86.02999877929688,85.96800231933594,86.0250015258789,0,0.0,0.0
9,2025-06-26 02:45:00+01:00,86.0250015258789,86.04000091552734,85.96499633789062,85.96800231933594,0,0.0,0.0
10,2025-06-26 03:00:00+01:00,85.96700286865234,85.96700286865234,85.9489974975586,85.9540023803711,0,0.0,0.0
11,2025-06-26 03:15:00+01:00,85.9540023803711,85.96399688720703,85.94100189208984,85.9540023803711,0,0.0,0.0
12,2025-06-26 03:30:00+01:00,85.95500183105469,85.95999908447266,85.93900299072266,85.94499969482422,0,0.0,0.0
13,2025-06-26 03:45:00+01:00,85.94400024414062,85.95500183105469,85.93099975585938,85.93099975585938,0,0.0,0.0
14,2025-06-26 04:00:00+01:00,85.88500213623047,85.89800262451172,85.83599853515625,85.8489990234375,0,0.0,0.0
15,2025-06-26 04:15:00+01:00,85.8499984741211,85.9260025024414,85.8499984741211,85.90499877929688,0,0.0,0.0
16,2025-06-26 04:30:00+01:00,85.9010009765625,85.92500305175781,85.83999633789062,85.83999633789062,0,0.0,0.0
17,2025-06-26 04:45:00+01:00,85.83799743652344,85.875,85.81999969482422,85.8499984741211,0,0.0,0.0
18,2025-06-26 05:00:00+01:00,85.82599639892578,85.88500213623047,85.82599639892578,85.88249969482422,0,0.0,0.0
19,2025-06-26 05:15:00+01:00,85.87100219726562,85.91500091552734,85.85299682617188,85.86499786376953,0,0.0,0.0
20,2025-06-26 05:30:00+01:00,85.88999938964844,85.89749908447266,85.81600189208984,85.8375015258789,0,0.0,0.0
21,2025-06-26 05:45:00+01:00,85.81999969482422,85.83999633789062,85.70500183105469,85.77749633789062,0,0.0,0.0
22,2025-06-26 06:00:00+01:00,85.76200103759766,85.82749938964844,85.75499725341797,85.78299713134766,0,0.0,0.0
23,2025-06-26 06:15:00+01:00,85.80000305175781,85.82749938964844,85.77300262451172,85.79750061035156,0,0.0,0.0
24,2025-06-26 06:30:00+01:00,85.77300262451172,85.81999969482422,85.77100372314453,85.81500244140625,0,0.0,0.0
25,2025-06-26 06:45:00+01:00,85.78800201416016,85.82749938964844,85.74700164794922,85.79000091552734,0,0.0,0.0
26,2025-06-26 07:00:00+01:00,85.7874984741211,85.7874984741211,85.68399810791016,85.68399810791016,0,0.0,0.0
27,2025-06-26 07:15:00+01:00,85.70999908447266,85.7750015258789,85.70999908447266,85.7490005493164,0,0.0,0.0
28,2025-06-26 07:30:00+01:00,85.74500274658203,85.8125,85.74500274658203,85.80750274658203,0,0.0,0.0
29,2025-06-26 07:45:00+01:00,85.79299926757812,85.81749725341797,85.74500274658203,85.78250122070312,0,0.0,0.0
30,2025-06-26 08:00:00+01:00,85.74400329589844,85.80750274658203,85.72599792480469,85.72799682617188,0,0.0,0.0
31,2025-06-26 08:15:00+01:00,85.74500274658203,85.77999877929688,85.677001953125,85.77999877929688,0,0.0,0.0
32,2025-06-26 08:30:00+01:00,85.73300170898438,85.86750030517578,85.73300170898438,85.86000061035156,0,0.0,0.0
33,2025-06-26 08:45:00+01:00,85.85250091552734,85.86499786376953,85.72799682617188,85.77249908447266,0,0.0,0.0
34,2025-06-26 09:00:00+01:00,85.74500274658203,85.78250122070312,85.62999725341797,85.66999816894531,0,0.0,0.0
35,2025-06-26 09:15:00+01:00,85.65499877929688,85.70249938964844,85.60600280761719,85.6624984741211,0,0.0,0.0
36,2025-06-26 09:30:00+01:00,85.62200164794922,85.66999816894531,85.58399963378906,85.65750122070312,0,0.0,0.0
37,2025-06-26 09:45:00+01:00,85.63999938964844,85.74500274658203,85.625,85.70999908447266,0,0.0,0.0
38,2025-06-26 10:00:00+01:00,85.7125015258789,85.74500274658203,85.677001953125,85.74500274658203,0,0.0,0.0
39,2025-06-26 10:15:00+01:00,85.71199798583984,85.75,85.69599914550781,85.73999786376953,0,0.0,0.0
40,2025-06-26 10:30:00+01:00,85.73500061035156,85.73999786376953,85.63899993896484,85.67749786376953,0,0.0,0.0
41,2025-06-26 10:45:00+01:00,85.6520004272461,85.71499633789062,85.6449966430664,85.70249938964844,0,0.0,0.0
42,2025-06-26 11:00:00+01:00,85.70500183105469,85.70500183105469,85.65899658203125,85.6780014038086,0,0.0,0.0
43,2025-06-26 11:15:00+01:00,85.68099975585938,85.68099975585938,85.66500091552734,85.66799926757812,0,0.0,0.0
44,2025-06-26 11:30:00+01:00,85.65399932861328,85.66300201416016,85.6520004272461,85.66300201416016,0,0.0,0.0
45,2025-06-26 11:45:00+01:00,85.66300201416016,85.6760025024414,85.66100311279297,85.6760025024414,0,0.0,0.0
46,2025-06-26 12:00:00+01:00,85.66799926757812,85.6780014038086,85.66799926757812,85.6729965209961,0,0.0,0.0
47,2025-06-26 12:15:00+01:00,85.6709976196289,85.7030029296875,85.6709976196289,85.7030029296875,0,0.0,0.0
48,2025-06-26 12:30:00+01:00,85.68399810791016,85.69300079345703,85.68099975585938,85.68099975585938,0,0.0,0.0
49,2025-06-26 12:45:00+01:00,85.68399810791016,85.73300170898438,85.6760025024414,85.72100067138672,0,0.0,0.0
50,2025-06-26 13:00:00+01:00,85.71600341796875,85.71600341796875,85.68399810791016,85.68399810791016,0,0.0,0.0
51,2025-06-26 13:15:00+01:00,85.68499755859375,85.69200134277344,85.64199829101562,85.6500015258789,0,0.0,0.0
52,2025-06-26 13:30:00+01:00,85.6449966430664,85.69400024414062,85.62300109863281,85.68199920654297,0,0.0,0.0
53,2025-06-26 13:45:00+01:00,85.66899871826172,85.6969985961914,85.66899871826172,85.68399810791016,0,0.0,0.0
54,2025-06-26 14:00:00+01:00,85.67500305175781,85.68299865722656,85.65499877929688,85.65699768066406,0,0.0,0.0
55,2025-06-26 14:15:00+01:00,85.6510009765625,85.66300201416016,85.63600158691406,85.64299774169922,0,0.0,0.0
56,2025-06-26 14:30:00+01:00,85.63600158691406,85.677001953125,85.625,85.63800048828125,0,0.0,0.0
57,2025-06-26 14:45:00+01:00,85.61900329589844,85.62200164794922,85.59100341796875,85.60299682617188,0,0.0,0.0
58,2025-06-26 15:00:00+01:00,85.60299682617188,85.63700103759766,85.60299682617188,85.61399841308594,0,0.0,0.0
59,2025-06-26 15:15:00+01:00,85.60800170898438,85.6240005493164,85.5989990234375,85.61399841308594,0,0.0,0.0
60,2025-06-26 15:30:00+01:00,85.62699890136719,85.63300323486328,85.6050033569336,85.61199951171875,0,0.0,0.0
61,2025-06-26 15:45:00+01:00,85.61100006103516,85.63099670410156,85.60399627685547,85.63099670410156,0,0.0,0.0
62,2025-06-26 16:00:00+01:00,85.62100219726562,85.65499877929688,85.61499786376953,85.65499877929688,0,0.0,0.0
63,2025-06-26 16:15:00+01:00,85.63700103759766,85.63700103759766,85.63700103759766,85.63700103759766,0,0.0,0.0
64,2025-06-26 16:45:00+01:00,85.63700103759766,85.63700103759766,85.63700103759766,85.63700103759766,0,0.0,0.0
65,2025-06-26 17:00:00+01:00,85.63700103759766,85.63700103759766,85.63700103759766,85.63700103759766,0,0.0,0.0
66,2025-06-26 18:30:00+01:00,85.63700103759766,85.63700103759766,85.63700103759766,85.63700103759766,0,0.0,0.0
67,2025-06-26 19:30:00+01:00,85.63500213623047,85.63500213623047,85.63500213623047,85.63500213623047,0,0.0,0.0
68,2025-06-26 20:15:00+01:00,85.62999725341797,85.62999725341797,85.62999725341797,85.62999725341797,0,0.0,0.0
69,2025-06-26 20:30:00+01:00,85.62999725341797,85.62999725341797,85.62999725341797,85.62999725341797,0,0.0,0.0
70,2025-06-27 00:30:00+01:00,85.61000061035156,85.61000061035156,85.61000061035156,85.61000061035156,0,0.0,0.0
71,2025-06-27 01:30:00+01:00,85.61000061035156,85.64099884033203,85.61000061035156,85.63800048828125,0,0.0,0.0
72,2025-06-27 01:45:00+01:00,85.63800048828125,85.6510009765625,85.63800048828125,85.6510009765625,0,0.0,0.0
73,2025-06-27 02:00:00+01:00,85.6510009765625,85.65599822998047,85.63800048828125,85.64299774169922,0,0.0,0.0
74,2025-06-27 02:15:00+01:00,85.64299774169922,85.64299774169922,85.56800079345703,85.56800079345703,0,0.0,0.0
75,2025-06-27 02:30:00+01:00,85.56800079345703,85.58599853515625,85.56600189208984,85.56600189208984,0,0.0,0.0
76,2025-06-27 02:45:00+01:00,85.58000183105469,85.58699798583984,85.55699920654297,85.58100128173828,0,0.0,0.0
77,2025-06-27 03:00:00+01:00,85.58300018310547,85.58300018310547,85.58000183105469,85.58200073242188,0,0.0,0.0
78,2025-06-27 03:15:00+01:00,85.58200073242188,85.58200073242188,85.56099700927734,85.56600189208984,0,0.0,0.0
79,2025-06-27 03:45:00+01:00,85.56300354003906,85.56300354003906,85.49199676513672,85.49500274658203,0,0.0,0.0
80,2025-06-27 04:00:00+01:00,85.49600219726562,85.50900268554688,85.44300079345703,85.44300079345703,0,0.0,0.0
81,2025-06-27 04:15:00+01:00,85.4530029296875,85.48200225830078,85.43599700927734,85.46900177001953,0,0.0,0.0
82,2025-06-27 04:30:00+01:00,85.47599792480469,85.5250015258789,85.44000244140625,85.48500061035156,0,0.0,0.0
83,2025-06-27 04:45:00+01:00,85.46900177001953,85.56999969482422,85.4520034790039,85.55750274658203,0,0.0,0.0
84,2025-06-27 05:00:00+01:00,85.53500366210938,85.55999755859375,85.48799896240234,85.54000091552734,0,0.0,0.0
85,2025-06-27 05:15:00+01:00,85.51499938964844,85.55000305175781,85.46499633789062,85.49749755859375,0,0.0,0.0
86,2025-06-27 05:30:00+01:00,85.48400115966797,85.54499816894531,85.4800033569336,85.52749633789062,0,0.0,0.0
87,2025-06-27 05:45:00+01:00,85.51000213623047,85.5875015258789,85.4540023803711,85.58000183105469,0,0.0,0.0
88,2025-06-27 06:00:00+01:00,85.55999755859375,85.63999938964844,85.55999755859375,85.62000274658203,0,0.0,0.0
89,2025-06-27 06:15:00+01:00,85.5989990234375,85.64749908447266,85.58699798583984,85.62249755859375,0,0.0,0.0
90,2025-06-27 06:30:00+01:00,85.59500122070312,85.625,85.5469970703125,85.60250091552734,0,0.0,0.0
91,2025-06-27 06:45:00+01:00,85.56400299072266,85.6050033569336,85.50399780273438,85.54000091552734,0,0.0,0.0
92,2025-06-27 07:00:00+01:00,85.54499816894531,85.56749725341797,85.5009994506836,85.56500244140625,0,0.0,0.0
93,2025-06-27 07:15:00+01:00,85.54100036621094,85.56749725341797,85.5,85.52200317382812,0,0.0,0.0
94,2025-06-27 07:30:00+01:00,85.52300262451172,85.56999969482422,85.5,85.55249786376953,0,0.0,0.0
95,2025-06-27 07:45:00+01:00,85.50599670410156,85.56999969482422,85.48899841308594,85.5425033569336,0,0.0,0.0
96,2025-06-27 08:00:00+01:00,85.54000091552734,85.54750061035156,85.46700286865234,85.5250015258789,0,0.0,0.0
97,2025-06-27 08:15:00+01:00,85.5199966430664,85.57499694824219,85.46900177001953,85.52200317382812,0,0.0,0.0
98,2025-06-27 08:30:00+01:00,85.56749725341797,85.57499694824219,85.51399993896484,85.56749725341797,0,0.0,0.0
99,2025-06-27 08:45:00+01:00,85.56500244140625,85.57749938964844,85.49600219726562,85.5260009765625,0,0.0,0.0
100,2025-06-27 09:00:00+01:00,85.56749725341797,85.56749725341797,85.47000122070312,85.51499938964844,0,0.0,0.0
101,2025-06-27 09:15:00+01:00,85.51249694824219,85.51750183105469,85.41999816894531,85.48999786376953,0,0.0,0.0
102,2025-06-27 09:30:00+01:00,85.48500061035156,85.51249694824219,85.43599700927734,85.48249816894531,0,0.0,0.0
103,2025-06-27 09:45:00+01:00,85.4800033569336,85.51000213623047,85.42400360107422,85.50499725341797,0,0.0,0.0
104,2025-06-27 10:00:00+01:00,85.50250244140625,85.52249908447266,85.44300079345703,85.48999786376953,0,0.0,0.0
105,2025-06-27 10:15:00+01:00,85.51499938964844,85.5374984741211,85.4739990234375,85.5199966430664,0,0.0,0.0
106,2025-06-27 10:30:00+01:00,85.5250015258789,85.52749633789062,85.44100189208984,85.49500274658203,0,0.0,0.0
107,2025-06-27 10:45:00+01:00,85.48999786376953,85.49500274658203,85.38300323486328,85.4800033569336,0,0.0,0.0
108,2025-06-27 11:00:00+01:00,85.48500061035156,85.48500061035156,85.43699645996094,85.47000122070312,0,0.0,0.0
109,2025-06-27 11:15:00+01:00,85.46900177001953,85.49600219726562,85.46299743652344,85.49600219726562,0,0.0,0.0
110,2025-06-27 11:30:00+01:00,85.49600219726562,85.50900268554688,85.48200225830078,85.48200225830078,0,0.0,0.0
111,2025-06-27 11:45:00+01:00,85.48200225830078,85.48699951171875,85.45500183105469,85.46499633789062,0,0.0,0.0
112,2025-06-27 12:00:00+01:00,85.46499633789062,85.48999786376953,85.43000030517578,85.43499755859375,0,0.0,0.0
113,2025-06-27 12:15:00+01:00,85.43399810791016,85.45700073242188,85.43099975585938,85.43399810791016,0,0.0,0.0
114,2025-06-27 12:30:00+01:00,85.43399810791016,85.47200012207031,85.43399810791016,85.4530029296875,0,0.0,0.0
115,2025-06-27 12:45:00+01:00,85.4520034790039,85.46499633789062,85.43800354003906,85.43800354003906,0,0.0,0.0
116,2025-06-27 13:00:00+01:00,85.43199920654297,85.46600341796875,85.43000030517578,85.447998046875,0,0.0,0.0
117,2025-06-27 13:15:00+01:00,85.43900299072266,85.447998046875,85.41300201416016,85.41300201416016,0,0.0,0.0
118,2025-06-27 13:30:00+01:00,85.41799926757812,85.44999694824219,85.40299987792969,85.43699645996094,0,0.0,0.0
119,2025-06-27 13:45:00+01:00,85.43800354003906,85.447998046875,85.42500305175781,85.43699645996094,0,0.0,0.0
120,2025-06-27 14:00:00+01:00,85.44200134277344,85.47200012207031,85.43800354003906,85.46800231933594,0,0.0,0.0
121,2025-06-27 14:15:00+01:00,85.46399688720703,85.46600341796875,85.44499969482422,85.45700073242188,0,0.0,0.0
122,2025-06-27 14:30:00+01:00,85.46199798583984,85.47200012207031,85.42900085449219,85.43399810791016,0,0.0,0.0
123,2025-06-27 14:45:00+01:00,85.43900299072266,85.44599914550781,85.43000030517578,85.43599700927734,0,0.0,0.0
124,2025-06-27 15:00:00+01:00,85.43599700927734,85.44999694824219,85.43199920654297,85.44599914550781,0,0.0,0.0
125,2025-06-27 15:15:00+01:00,85.45099639892578,85.4540023803711,85.4469985961914,85.4469985961914,0,0.0,0.0
126,2025-06-27 15:30:00+01:00,85.4469985961914,85.4489974975586,85.43199920654297,85.4469985961914,0,0.0,0.0
127,2025-06-27 15:45:00+01:00,85.4469985961914,85.46499633789062,85.43900299072266,85.4540023803711,0,0.0,0.0
128,2025-06-27 16:00:00+01:00,85.46299743652344,85.46299743652344,85.42900085449219,85.43699645996094,0,0.0,0.0
129,2025-06-27 16:15:00+01:00,85.43499755859375,85.43599700927734,85.43099975585938,85.43099975585938,0,0.0,0.0
130,2025-06-27 19:45:00+01:00,85.44000244140625,85.44000244140625,85.43099975585938,85.44000244140625,0,0.0,0.0
131,2025-06-27 22:00:00+01:00,85.43099975585938,85.43099975585938,85.43099975585938,85.43099975585938,0,0.0,0.0
132,2025-06-27 22:15:00+01:00,85.43099975585938,85.43099975585938,85.43099975585938,85.43099975585938,0,0.0,0.0
133,2025-06-30 03:00:00+01:00,85.41999816894531,85.41999816894531,85.41999816894531,85.41999816894531,0,0.0,0.0
134,2025-06-30 03:15:00+01:00,85.43099975585938,85.44999694824219,85.41500091552734,85.41500091552734,0,0.0,0.0
135,2025-06-30 03:30:00+01:00,85.41500091552734,85.4280014038086,85.41100311279297,85.4280014038086,0,0.0,0.0
136,2025-06-30 03:45:00+01:00,85.4260025024414,85.42900085449219,85.42500305175781,85.427001953125,0,0.0,0.0
137,2025-06-30 04:00:00+01:00,85.46199798583984,85.47699737548828,85.4520034790039,85.47699737548828,0,0.0,0.0
138,2025-06-30 04:15:00+01:00,85.47599792480469,85.48200225830078,85.46299743652344,85.46299743652344,0,0.0,0.0
139,2025-06-30 04:30:00+01:00,85.46399688720703,85.49500274658203,85.43000030517578,85.45500183105469,0,0.0,0.0
140,2025-06-30 04:45:00+01:00,85.44999694824219,85.47250366210938,85.43000030517578,85.47000122070312,0,0.0,0.0
141,2025-06-30 05:00:00+01:00,85.4520034790039,85.47250366210938,85.41999816894531,85.4574966430664,0,0.0,0.0
142,2025-06-30 05:15:00+01:00,85.45500183105469,85.46749877929688,85.43000030517578,85.44999694824219,0,0.0,0.0
143,2025-06-30 05:30:00+01:00,85.44200134277344,85.50749969482422,85.43000030517578,85.50499725341797,0,0.0,0.0
144,2025-06-30 05:45:00+01:00,85.48200225830078,85.52249908447266,85.4800033569336,85.5199966430664,0,0.0,0.0
145,2025-06-30 06:00:00+01:00,85.49700164794922,85.52249908447266,85.4800033569336,85.48799896240234,0,0.0,0.0
146,2025-06-30 06:15:00+01:00,85.4800033569336,85.53250122070312,85.46299743652344,85.49600219726562,0,0.0,0.0
147,2025-06-30 06:30:00+01:00,85.5199966430664,85.52999877929688,85.48200225830078,85.52999877929688,0,0.0,0.0
148,2025-06-30 06:45:00+01:00,85.52749633789062,85.52999877929688,85.44000244140625,85.4749984741211,0,0.0,0.0
149,2025-06-30 07:00:00+01:00,85.45700073242188,85.50250244140625,85.44000244140625,85.4469985961914,0,0.0,0.0
150,2025-06-30 07:15:00+01:00,85.447998046875,85.52249908447266,85.44000244140625,85.50250244140625,0,0.0,0.0
151,2025-06-30 07:30:00+01:00,85.49800109863281,85.5425033569336,85.46700286865234,85.5199966430664,0,0.0,0.0
152,2025-06-30 07:45:00+01:00,85.52200317382812,85.55750274658203,85.47899627685547,85.5250015258789,0,0.0,0.0
153,2025-06-30 08:00:00+01:00,85.50499725341797,85.54750061035156,85.47899627685547,85.52249908447266,0,0.0,0.0
154,2025-06-30 08:15:00+01:00,85.5250015258789,85.53250122070312,85.46600341796875,85.50499725341797,0,0.0,0.0
155,2025-06-30 08:30:00+01:00,85.48100280761719,85.53500366210938,85.47200012207031,85.5250015258789,0,0.0,0.0
156,2025-06-30 08:45:00+01:00,85.48400115966797,85.61499786376953,85.46700286865234,85.60749816894531,0,0.0,0.0
157,2025-06-30 09:00:00+01:00,85.6050033569336,85.64749908447266,85.56400299072266,85.61000061035156,0,0.0,0.0
158,2025-06-30 09:15:00+01:00,85.58799743652344,85.63500213623047,85.5530014038086,85.63249969482422,0,0.0,0.0
159,2025-06-30 09:30:00+01:00,85.62750244140625,85.63500213623047,85.56300354003906,85.61250305175781,0,0.0,0.0
160,2025-06-30 09:45:00+01:00,85.58999633789062,85.62999725341797,85.56099700927734,85.62750244140625,0,0.0,0.0
161,2025-06-30 10:00:00+01:00,85.58200073242188,85.69000244140625,85.58000183105469,85.67749786376953,0,0.0,0.0
162,2025-06-30 10:15:00+01:00,85.66799926757812,85.69499969482422,85.61900329589844,85.66500091552734,0,0.0,0.0
163,2025-06-30 10:30:00+01:00,85.6240005493164,85.71749877929688,85.62300109863281,85.66500091552734,0,0.0,0.0
164,2025-06-30 10:45:00+01:00,85.69499969482422,85.7699966430664,85.66100311279297,85.75499725341797,0,0.0,0.0
165,2025-06-30 11:00:00+01:00,85.71700286865234,85.75749969482422,85.68599700927734,85.6969985961914,0,0.0,0.0
166,2025-06-30 11:15:00+01:00,85.6969985961914,85.74600219726562,85.6969985961914,85.74600219726562,0,0.0,0.0
167,2025-06-30 11:30:00+01:00,85.75499725341797,85.75700378417969,85.73600006103516,85.74500274658203,0,0.0,0.0
168,2025-06-30 11:45:00+01:00,85.74500274658203,85.74500274658203,85.71399688720703,85.71399688720703,0,0.0,0.0
169,2025-06-30 12:00:00+01:00,85.71399688720703,85.77999877929688,85.697998046875,85.7020034790039,0,0.0,0.0
170,2025-06-30 12:15:00+01:00,85.7020034790039,85.71600341796875,85.7020034790039,85.70899963378906,0,0.0,0.0
171,2025-06-30 12:30:00+01:00,85.71199798583984,85.71700286865234,85.70500183105469,85.71700286865234,0,0.0,0.0
172,2025-06-30 12:45:00+01:00,85.71600341796875,85.73899841308594,85.71099853515625,85.73899841308594,0,0.0,0.0
173,2025-06-30 13:00:00+01:00,85.73899841308594,85.7750015258789,85.72599792480469,85.75800323486328,0,0.0,0.0
174,2025-06-30 13:15:00+01:00,85.75700378417969,85.77400207519531,85.74299621582031,85.77100372314453,0,0.0,0.0
175,2025-06-30 13:30:00+01:00,85.77200317382812,85.78800201416016,85.76799774169922,85.77200317382812,0,0.0,0.0
176,2025-06-30 13:45:00+01:00,85.77100372314453,85.77100372314453,85.75399780273438,85.76799774169922,0,0.0,0.0
177,2025-06-30 14:00:00+01:00,85.76599884033203,85.77100372314453,85.75199890136719,85.75199890136719,0,0.0,0.0
178,2025-06-30 14:15:00+01:00,85.75199890136719,85.76599884033203,85.7490005493164,85.76599884033203,0,0.0,0.0
179,2025-06-30 14:30:00+01:00,85.76300048828125,85.7750015258789,85.76000213623047,85.76300048828125,0,0.0,0.0
180,2025-06-30 14:45:00+01:00,85.76100158691406,85.76799774169922,85.75199890136719,85.75800323486328,0,0.0,0.0
181,2025-06-30 15:00:00+01:00,85.75800323486328,85.76300048828125,85.72699737548828,85.76300048828125,0,0.0,0.0
182,2025-06-30 15:15:00+01:00,85.77200317382812,85.7969970703125,85.74299621582031,85.74299621582031,0,0.0,0.0
183,2025-06-30 15:30:00+01:00,85.74199676513672,85.74500274658203,85.71399688720703,85.71700286865234,0,0.0,0.0
184,2025-06-30 15:45:00+01:00,85.71700286865234,85.75399780273438,85.71199798583984,85.71800231933594,0,0.0,0.0
185,2025-06-30 16:00:00+01:00,85.72699737548828,85.73400115966797,85.72100067138672,85.73400115966797,0,0.0,0.0
186,2025-06-30 16:15:00+01:00,85.73300170898438,85.73300170898438,85.71600341796875,85.71700286865234,0,0.0,0.0
187,2025-06-30 18:00:00+01:00,85.71700286865234,85.71700286865234,85.71700286865234,85.71700286865234,0,0.0,0.0
188,2025-06-30 19:30:00+01:00,85.45999908447266,85.45999908447266,85.45999908447266,85.45999908447266,0,0.0,0.0
189,2025-06-30 19:45:00+01:00,85.69000244140625,85.71700286865234,85.69000244140625,85.71700286865234,0,0.0,0.0
190,2025-07-01 02:00:00+01:00,85.66999816894531,85.66999816894531,85.66999816894531,85.66999816894531,0,0.0,0.0
191,2025-07-01 02:15:00+01:00,85.58000183105469,85.58000183105469,85.58000183105469,85.58000183105469,0,0.0,0.0
192,2025-07-01 02:30:00+01:00,85.66999816894531,85.66999816894531,85.62699890136719,85.62799835205078,0,0.0,0.0
193,2025-07-01 02:45:00+01:00,85.62799835205078,85.63700103759766,85.62799835205078,85.63700103759766,0,0.0,0.0
194,2025-07-01 03:00:00+01:00,85.63800048828125,85.64199829101562,85.63400268554688,85.63899993896484,0,0.0,0.0
195,2025-07-01 03:15:00+01:00,85.63899993896484,85.63899993896484,85.63500213623047,85.63500213623047,0,0.0,0.0
196,2025-07-01 03:30:00+01:00,85.63700103759766,85.64099884033203,85.63500213623047,85.63700103759766,0,0.0,0.0
197,2025-07-01 03:45:00+01:00,85.63800048828125,85.75499725341797,85.63400268554688,85.63800048828125,0,0.0,0.0
198,2025-07-01 04:00:00+01:00,85.6500015258789,85.66400146484375,85.63099670410156,85.66300201416016,0,0.0,0.0
199,2025-07-01 04:15:00+01:00,85.65299987792969,85.65799713134766,85.58000183105469,85.58499908447266,0,0.0,0.0
200,2025-07-01 04:30:00+01:00,85.58599853515625,85.63500213623047,85.58300018310547,85.58999633789062,0,0.0,0.0
201,2025-07-01 04:45:00+01:00,85.59249877929688,85.59500122070312,85.552001953125,85.58000183105469,0,0.0,0.0
202,2025-07-01 05:00:00+01:00,85.55500030517578,85.625,85.55500030517578,85.5790023803711,0,0.0,0.0
203,2025-07-01 05:15:00+01:00,85.58000183105469,85.61499786376953,85.56800079345703,85.60250091552734,0,0.0,0.0
204,2025-07-01 05:30:00+01:00,85.58399963378906,85.62999725341797,85.56999969482422,85.59500122070312,0,0.0,0.0
205,2025-07-01 05:45:00+01:00,85.5770034790039,85.60250091552734,85.56300354003906,85.58499908447266,0,0.0,0.0
206,2025-07-01 06:00:00+01:00,85.56999969482422,85.5999984741211,85.55699920654297,85.58999633789062,0,0.0,0.0
207,2025-07-01 06:15:00+01:00,85.57499694824219,85.6050033569336,85.56500244140625,85.6050033569336,0,0.0,0.0
208,2025-07-01 06:30:00+01:00,85.58499908447266,85.60749816894531,85.54499816894531,85.57250213623047,0,0.0,0.0
209,2025-07-01 06:45:00+01:00,85.57250213623047,85.59750366210938,85.54299926757812,85.56999969482422,0,0.0,0.0
210,2025-07-01 07:00:00+01:00,85.5875015258789,85.60749816894531,85.55999755859375,85.58200073242188,0,0.0,0.0
211,2025-07-01 07:15:00+01:00,85.60250091552734,85.63249969482422,85.58000183105469,85.62000274658203,0,0.0,0.0
212,2025-07-01 07:30:00+01:00,85.59200286865234,85.63249969482422,85.552001953125,85.60749816894531,0,0.0,0.0
213,2025-07-01 07:45:00+01:00,85.58499908447266,85.61250305175781,85.55500030517578,85.60250091552734,0,0.0,0.0
214,2025-07-01 08:00:00+01:00,85.58000183105469,85.66500091552734,85.5510025024414,85.62999725341797,0,0.0,0.0
215,2025-07-01 08:15:00+01:00,85.57599639892578,85.6449966430664,85.55500030517578,85.63500213623047,0,0.0,0.0
216,2025-07-01 08:30:00+01:00,85.61299896240234,85.6449966430664,85.57499694824219,85.62750244140625,0,0.0,0.0
217,2025-07-01 08:45:00+01:00,85.62999725341797,85.64250183105469,85.54900360107422,85.56749725341797,0,0.0,0.0
218,2025-07-01 09:00:00+01:00,85.56999969482422,85.56999969482422,85.4280014038086,85.52749633789062,0,0.0,0.0
219,2025-07-01 09:15:00+01:00,85.50700378417969,85.55000305175781,85.46499633789062,85.53500366210938,0,0.0,0.0
220,2025-07-01 09:30:00+01:00,85.49700164794922,85.56500244140625,85.47000122070312,85.55249786376953,0,0.0,0.0
221,2025-07-01 09:45:00+01:00,85.53299713134766,85.5625,85.4520034790039,85.53250122070312,0,0.0,0.0
222,2025-07-01 10:00:00+01:00,85.53250122070312,85.5625,85.48100280761719,85.55750274658203,0,0.0,0.0
223,2025-07-01 10:15:00+01:00,85.55999755859375,85.5625,85.48100280761719,85.55500030517578,0,0.0,0.0
224,2025-07-01 10:30:00+01:00,85.55249786376953,85.55500030517578,85.46900177001953,85.52249908447266,0,0.0,0.0
225,2025-07-01 10:45:00+01:00,85.5199966430664,85.5374984741211,85.45999908447266,85.51499938964844,0,0.0,0.0
226,2025-07-01 11:00:00+01:00,85.51000213623047,85.5374984741211,85.43199920654297,85.43900299072266,0,0.0,0.0
227,2025-07-01 11:15:00+01:00,85.43900299072266,85.46199798583984,85.43000030517578,85.43099975585938,0,0.0,0.0
228,2025-07-01 11:30:00+01:00,85.43099975585938,85.4729995727539,85.41699981689453,85.46800231933594,0,0.0,0.0
229,2025-07-01 11:45:00+01:00,85.4729995727539,85.48400115966797,85.45700073242188,85.48400115966797,0,0.0,0.0
230,2025-07-01 12:00:00+01:00,85.48899841308594,85.49400329589844,85.46199798583984,85.47000122070312,0,0.0,0.0
231,2025-07-01 12:15:00+01:00,85.47000122070312,85.49800109863281,85.45700073242188,85.49500274658203,0,0.0,0.0
232,2025-07-01 12:30:00+01:00,85.49299621582031,85.58300018310547,85.49299621582031,85.51300048828125,0,0.0,0.0
233,2025-07-01 12:45:00+01:00,85.49600219726562,85.49600219726562,85.44999694824219,85.49500274658203,0,0.0,0.0
234,2025-07-01 13:00:00+01:00,85.49400329589844,85.52400207519531,85.49400329589844,85.50599670410156,0,0.0,0.0
235,2025-07-01 13:15:00+01:00,85.50599670410156,85.51399993896484,85.49700164794922,85.51300048828125,0,0.0,0.0
236,2025-07-01 13:30:00+01:00,85.51499938964844,85.58000183105469,85.51499938964844,85.54399871826172,0,0.0,0.0
237,2025-07-01 13:45:00+01:00,85.5459976196289,85.56800079345703,85.54199981689453,85.56800079345703,0,0.0,0.0
238,2025-07-01 14:00:00+01:00,85.5719985961914,85.5719985961914,85.54900360107422,85.55899810791016,0,0.0,0.0
239,2025-07-01 14:15:00+01:00,85.5510025024414,85.55699920654297,85.54499816894531,85.55000305175781,0,0.0,0.0
240,2025-07-01 14:30:00+01:00,85.5469970703125,85.54900360107422,85.50599670410156,85.51100158691406,0,0.0,0.0
241,2025-07-01 14:45:00+01:00,85.51200103759766,85.52799987792969,85.48300170898438,85.51799774169922,0,0.0,0.0
242,2025-07-01 15:00:00+01:00,85.51699829101562,85.53800201416016,85.49800109863281,85.52300262451172,0,0.0,0.0
243,2025-07-01 15:15:00+01:00,85.52799987792969,85.52799987792969,85.49700164794922,85.50399780273438,0,0.0,0.0
244,2025-07-01 15:30:00+01:00,85.50499725341797,85.52300262451172,85.5009994506836,85.51000213623047,0,0.0,0.0
245,2025-07-01 15:45:00+01:00,85.51499938964844,85.53600311279297,85.51399993896484,85.53099822998047,0,0.0,0.0
246,2025-07-01 16:00:00+01:00,85.53099822998047,85.54499816894531,85.52899932861328,85.53399658203125,0,0.0,0.0
247,2025-07-01 16:15:00+01:00,85.53399658203125,85.56700134277344,85.53399658203125,85.56099700927734,0,0.0,0.0
248,2025-07-01 17:15:00+01:00,85.56199645996094,85.56199645996094,85.56199645996094,85.56199645996094,0,0.0,0.0
249,2025-07-01 18:15:00+01:00,85.56199645996094,85.56199645996094,85.56199645996094,85.56199645996094,0,0.0,0.0
250,2025-07-01 19:45:00+01:00,85.55999755859375,85.62000274658203,85.55999755859375,85.62000274658203,0,0.0,0.0
251,2025-07-01 22:45:00+01:00,85.55999755859375,85.55999755859375,85.55999755859375,85.55999755859375,0,0.0,0.0
252,2025-07-02 02:30:00+01:00,85.5999984741211,85.5999984741211,85.5999984741211,85.5999984741211,0,0.0,0.0
253,2025-07-02 02:45:00+01:00,85.59200286865234,85.62000274658203,85.5469970703125,85.61699676513672,0,0.0,0.0
254,2025-07-02 03:00:00+01:00,85.61699676513672,85.62100219726562,85.58799743652344,85.61799621582031,0,0.0,0.0
255,2025-07-02 03:15:00+01:00,85.61799621582031,85.61900329589844,85.61499786376953,85.61799621582031,0,0.0,0.0
256,2025-07-02 03:30:00+01:00,85.62000274658203,85.62300109863281,85.62000274658203,85.62100219726562,0,0.0,0.0
257,2025-07-02 03:45:00+01:00,85.62100219726562,85.62200164794922,85.5199966430664,85.5979995727539,0,0.0,0.0
258,2025-07-02 04:00:00+01:00,85.59700012207031,85.60399627685547,85.5739974975586,85.59200286865234,0,0.0,0.0
259,2025-07-02 04:15:00+01:00,85.59100341796875,85.60900115966797,85.572998046875,85.572998046875,0,0.0,0.0
260,2025-07-02 04:30:00+01:00,85.572998046875,85.625,85.55000305175781,85.60749816894531,0,0.0,0.0
261,2025-07-02 04:45:00+01:00,85.5999984741211,85.63249969482422,85.58200073242188,85.59500122070312,0,0.0,0.0
262,2025-07-02 05:00:00+01:00,85.62000274658203,85.63249969482422,85.58999633789062,85.62750244140625,0,0.0,0.0
263,2025-07-02 05:15:00+01:00,85.62750244140625,85.63500213623047,85.58999633789062,85.61750030517578,0,0.0,0.0
264,2025-07-02 05:30:00+01:00,85.5979995727539,85.6500015258789,85.5979995727539,85.64749908447266,0,0.0,0.0
265,2025-07-02 05:45:00+01:00,85.64250183105469,85.68000030517578,85.62000274658203,85.67749786376953,0,0.0,0.0
266,2025-07-02 06:00:00+01:00,85.65499877929688,85.7125015258789,85.62799835205078,85.66000366210938,0,0.0,0.0
267,2025-07-02 06:15:00+01:00,85.63700103759766,85.69000244140625,85.625,85.6500015258789,0,0.0,0.0
268,2025-07-02 06:30:00+01:00,85.65799713134766,85.6875,85.64299774169922,85.66999816894531,0,0.0,0.0
269,2025-07-02 06:45:00+01:00,85.6500015258789,85.70999908447266,85.6500015258789,85.69249725341797,0,0.0,0.0
270,2025-07-02 07:00:00+01:00,85.69000244140625,85.69999694824219,85.64299774169922,85.6780014038086,0,0.0,0.0
271,2025-07-02 07:15:00+01:00,85.68499755859375,85.7125015258789,85.66500091552734,85.69499969482422,0,0.0,0.0
272,2025-07-02 07:30:00+01:00,85.69499969482422,85.73249816894531,85.66600036621094,85.72750091552734,0,0.0,0.0
273,2025-07-02 07:45:00+01:00,85.7249984741211,85.74500274658203,85.68499755859375,85.73249816894531,0,0.0,0.0
274,2025-07-02 08:00:00+01:00,85.72750091552734,85.75250244140625,85.69100189208984,85.73750305175781,0,0.0,0.0
275,2025-07-02 08:15:00+01:00,85.73999786376953,85.74749755859375,85.68599700927734,85.70999908447266,0,0.0,0.0
276,2025-07-02 08:30:00+01:00,85.69000244140625,85.7074966430664,85.64199829101562,85.68499755859375,0,0.0,0.0
277,2025-07-02 08:45:00+01:00,85.66200256347656,85.73500061035156,85.64299774169922,85.7300033569336,0,0.0,0.0
278,2025-07-02 09:00:00+01:00,85.73249816894531,85.73750305175781,85.66699981689453,85.70249938964844,0,0.0,0.0
279,2025-07-02 09:15:00+01:00,85.70249938964844,85.72250366210938,85.64700317382812,85.69000244140625,0,0.0,0.0
280,2025-07-02 09:30:00+01:00,85.65699768066406,85.70500183105469,85.63899993896484,85.65799713134766,0,0.0,0.0
281,2025-07-02 09:45:00+01:00,85.68250274658203,85.73249816894531,85.63200378417969,85.7020034790039,0,0.0,0.0
282,2025-07-02 10:00:00+01:00,85.70500183105469,85.74250030517578,85.68699645996094,85.74250030517578,0,0.0,0.0
283,2025-07-02 10:15:00+01:00,85.73999786376953,85.74250030517578,85.68099975585938,85.73500061035156,0,0.0,0.0
284,2025-07-02 10:30:00+01:00,85.73249816894531,85.73500061035156,85.65699768066406,85.69249725341797,0,0.0,0.0
285,2025-07-02 10:45:00+01:00,85.69249725341797,85.71499633789062,85.64700317382812,85.69999694824219,0,0.0,0.0
286,2025-07-02 11:00:00+01:00,85.69000244140625,85.70999908447266,85.62899780273438,85.63999938964844,0,0.0,0.0
287,2025-07-02 11:15:00+01:00,85.63899993896484,85.64900207519531,85.6259994506836,85.63800048828125,0,0.0,0.0
288,2025-07-02 11:30:00+01:00,85.63800048828125,85.64600372314453,85.6259994506836,85.6259994506836,0,0.0,0.0
289,2025-07-02 11:45:00+01:00,85.6259994506836,85.62999725341797,85.61799621582031,85.625,0,0.0,0.0
290,2025-07-02 12:00:00+01:00,85.625,85.62699890136719,85.61000061035156,85.61100006103516,0,0.0,0.0
291,2025-07-02 12:15:00+01:00,85.60299682617188,85.60800170898438,85.58399963378906,85.6050033569336,0,0.0,0.0
292,2025-07-02 12:30:00+01:00,85.60299682617188,85.62899780273438,85.60299682617188,85.62799835205078,0,0.0,0.0
293,2025-07-02 12:45:00+01:00,85.62799835205078,85.63600158691406,85.61299896240234,85.63500213623047,0,0.0,0.0
294,2025-07-02 13:00:00+01:00,85.62999725341797,85.63800048828125,85.61900329589844,85.62699890136719,0,0.0,0.0
295,2025-07-02 13:15:00+01:00,85.62699890136719,85.62699890136719,85.57499694824219,85.58799743652344,0,0.0,0.0
