,Date,Open,High,Low,Close,Volume,Dividends,Stock Splits
0,2025-06-26 00:00:00+01:00,145.2220001220703,145.2270050048828,144.97300720214844,145.00999450683594,0,0.0,0.0
1,2025-06-26 00:15:00+01:00,145.01100158691406,145.07200622558594,144.97900390625,145.00999450683594,0,0.0,0.0
2,2025-06-26 00:30:00+01:00,145.00999450683594,145.02200317382812,144.93699645996094,144.95799255371094,0,0.0,0.0
3,2025-06-26 00:45:00+01:00,144.95799255371094,144.9739990234375,144.87100219726562,144.91299438476562,0,0.0,0.0
4,2025-06-26 01:00:00+01:00,144.91200256347656,144.94400024414062,144.79800415039062,144.8719940185547,0,0.0,0.0
5,2025-06-26 01:15:00+01:00,144.87600708007812,144.93800354003906,144.79200744628906,144.79400634765625,0,0.0,0.0
6,2025-06-26 01:30:00+01:00,144.7949981689453,144.8459930419922,144.7519989013672,144.77000427246094,0,0.0,0.0
7,2025-06-26 01:45:00+01:00,144.77099609375,144.80799865722656,144.67599487304688,144.69000244140625,0,0.0,0.0
8,2025-06-26 02:00:00+01:00,144.68800354003906,144.78700256347656,144.66900634765625,144.77999877929688,0,0.0,0.0
9,2025-06-26 02:15:00+01:00,144.7740020751953,144.92799377441406,144.75599670410156,144.83799743652344,0,0.0,0.0
10,2025-06-26 02:30:00+01:00,144.84100341796875,144.9219970703125,144.75399780273438,144.82699584960938,0,0.0,0.0
11,2025-06-26 02:45:00+01:00,144.82699584960938,144.83999633789062,144.71299743652344,144.7220001220703,0,0.0,0.0
12,2025-06-26 03:00:00+01:00,144.71600341796875,144.76800537109375,144.65899658203125,144.74000549316406,0,0.0,0.0
13,2025-06-26 03:15:00+01:00,144.74400329589844,144.78500366210938,144.6840057373047,144.73800659179688,0,0.0,0.0
14,2025-06-26 03:30:00+01:00,144.73399353027344,144.84100341796875,144.697998046875,144.7100067138672,0,0.0,0.0
15,2025-06-26 03:45:00+01:00,144.7100067138672,144.77499389648438,144.67999267578125,144.69200134277344,0,0.0,0.0
16,2025-06-26 04:00:00+01:00,144.68800354003906,144.74899291992188,144.56700134277344,144.71200561523438,0,0.0,0.0
17,2025-06-26 04:15:00+01:00,144.70599365234375,144.718994140625,144.6479949951172,144.68499755859375,0,0.0,0.0
18,2025-06-26 04:30:00+01:00,144.68899536132812,144.8179931640625,144.67599487304688,144.76600646972656,0,0.0,0.0
19,2025-06-26 04:45:00+01:00,144.76300048828125,144.80099487304688,144.73800659179688,144.78500366210938,0,0.0,0.0
20,2025-06-26 05:00:00+01:00,144.78199768066406,144.96499633789062,144.7779998779297,144.92300415039062,0,0.0,0.0
21,2025-06-26 05:15:00+01:00,144.91799926757812,144.9250030517578,144.81300354003906,144.8179931640625,0,0.0,0.0
22,2025-06-26 05:30:00+01:00,144.81900024414062,144.81900024414062,144.73699951171875,144.7449951171875,0,0.0,0.0
23,2025-06-26 05:45:00+01:00,144.74600219726562,144.80499267578125,144.7270050048828,144.7790069580078,0,0.0,0.0
24,2025-06-26 06:00:00+01:00,144.7830047607422,144.9199981689453,144.7760009765625,144.81300354003906,0,0.0,0.0
25,2025-06-26 06:15:00+01:00,144.81199645996094,144.8280029296875,144.71400451660156,144.7239990234375,0,0.0,0.0
26,2025-06-26 06:30:00+01:00,144.73599243164062,144.8350067138672,144.70799255371094,144.8280029296875,0,0.0,0.0
27,2025-06-26 06:45:00+01:00,144.82699584960938,144.83399963378906,144.57899475097656,144.64300537109375,0,0.0,0.0
28,2025-06-26 07:00:00+01:00,144.64199829101562,144.7030029296875,144.3800048828125,144.46200561523438,0,0.0,0.0
29,2025-06-26 07:15:00+01:00,144.46099853515625,144.61900329589844,144.45599365234375,144.59800720214844,0,0.0,0.0
30,2025-06-26 07:30:00+01:00,144.55799865722656,144.55799865722656,144.30799865722656,144.3470001220703,0,0.0,0.0
31,2025-06-26 07:45:00+01:00,144.3470001220703,144.4010009765625,144.2779998779297,144.30799865722656,0,0.0,0.0
32,2025-06-26 08:00:00+01:00,144.3040008544922,144.31300354003906,144.1280059814453,144.13900756835938,0,0.0,0.0
33,2025-06-26 08:15:00+01:00,144.14100646972656,144.16600036621094,144.03199768066406,144.1219940185547,0,0.0,0.0
34,2025-06-26 08:30:00+01:00,144.12100219726562,144.2239990234375,144.0850067138672,144.0919952392578,0,0.0,0.0
35,2025-06-26 08:45:00+01:00,144.08799743652344,144.10000610351562,143.92999267578125,144.06100463867188,0,0.0,0.0
36,2025-06-26 09:00:00+01:00,144.06100463867188,144.10299682617188,143.82899475097656,143.83999633789062,0,0.0,0.0
37,2025-06-26 09:15:00+01:00,143.84100341796875,143.87899780273438,143.78500366210938,143.83700561523438,0,0.0,0.0
38,2025-06-26 09:30:00+01:00,143.83599853515625,143.91200256347656,143.7469940185547,143.88800048828125,0,0.0,0.0
39,2025-06-26 09:45:00+01:00,143.88699340820312,143.94900512695312,143.8820037841797,143.9010009765625,0,0.0,0.0
40,2025-06-26 10:00:00+01:00,143.91400146484375,144.00900268554688,143.8939971923828,144.00799560546875,0,0.0,0.0
41,2025-06-26 10:15:00+01:00,144.01800537109375,144.1280059814453,143.9980010986328,144.06199645996094,0,0.0,0.0
42,2025-06-26 10:30:00+01:00,143.9969940185547,143.99899291992188,143.89599609375,143.9320068359375,0,0.0,0.0
43,2025-06-26 10:45:00+01:00,143.93099975585938,144.10800170898438,143.92599487304688,144.07200622558594,0,0.0,0.0
44,2025-06-26 11:00:00+01:00,144.0679931640625,144.1750030517578,144.05499267578125,144.14500427246094,0,0.0,0.0
45,2025-06-26 11:15:00+01:00,144.1199951171875,144.1230010986328,144.0030059814453,144.01300048828125,0,0.0,0.0
46,2025-06-26 11:30:00+01:00,144.00900268554688,144.15699768066406,144.00599670410156,144.14300537109375,0,0.0,0.0
47,2025-06-26 11:45:00+01:00,144.14199829101562,144.2010040283203,144.12600708007812,144.18299865722656,0,0.0,0.0
48,2025-06-26 12:00:00+01:00,144.2169952392578,144.27999877929688,144.197998046875,144.27099609375,0,0.0,0.0
49,2025-06-26 12:15:00+01:00,144.27200317382812,144.38400268554688,144.27200317382812,144.36199951171875,0,0.0,0.0
50,2025-06-26 12:30:00+01:00,144.32400512695312,144.44200134277344,144.2740020751953,144.3939971923828,0,0.0,0.0
51,2025-06-26 12:45:00+01:00,144.39599609375,144.44400024414062,144.36199951171875,144.38299560546875,0,0.0,0.0
52,2025-06-26 13:00:00+01:00,144.39100646972656,144.48899841308594,144.2969970703125,144.375,0,0.0,0.0
53,2025-06-26 13:15:00+01:00,144.3719940185547,144.3730010986328,144.16299438476562,144.1929931640625,0,0.0,0.0
54,2025-06-26 13:30:00+01:00,144.18099975585938,144.4969940185547,144.1219940185547,144.2570037841797,0,0.0,0.0
55,2025-06-26 13:45:00+01:00,144.28500366210938,144.3699951171875,144.24400329589844,144.2969970703125,0,0.0,0.0
56,2025-06-26 14:00:00+01:00,144.2779998779297,144.49600219726562,144.23899841308594,144.3769989013672,0,0.0,0.0
57,2025-06-26 14:15:00+01:00,144.3780059814453,144.4239959716797,144.2550048828125,144.26499938964844,0,0.0,0.0
58,2025-06-26 14:30:00+01:00,144.25900268554688,144.38900756835938,144.23500061035156,144.29200744628906,0,0.0,0.0
59,2025-06-26 14:45:00+01:00,144.28799438476562,144.30799865722656,144.16299438476562,144.2310028076172,0,0.0,0.0
60,2025-06-26 15:00:00+01:00,144.22999572753906,144.3979949951172,144.22799682617188,144.31199645996094,0,0.0,0.0
61,2025-06-26 15:15:00+01:00,144.31399536132812,144.41400146484375,144.25399780273438,144.36700439453125,0,0.0,0.0
62,2025-06-26 15:30:00+01:00,144.3699951171875,144.37899780273438,144.1750030517578,144.21200561523438,0,0.0,0.0
63,2025-06-26 15:45:00+01:00,144.20899963378906,144.4720001220703,144.15199279785156,144.40699768066406,0,0.0,0.0
64,2025-06-26 16:00:00+01:00,144.41099548339844,144.52099609375,144.3489990234375,144.41400146484375,0,0.0,0.0
65,2025-06-26 16:15:00+01:00,144.41400146484375,144.4969940185547,144.41099548339844,144.49400329589844,0,0.0,0.0
66,2025-06-26 16:30:00+01:00,144.49099731445312,144.49400329589844,144.31199645996094,144.3350067138672,0,0.0,0.0
67,2025-06-26 16:45:00+01:00,144.33299255371094,144.406005859375,144.32200622558594,144.33799743652344,0,0.0,0.0
68,2025-06-26 17:00:00+01:00,144.33900451660156,144.3719940185547,144.28599548339844,144.28700256347656,0,0.0,0.0
69,2025-06-26 17:15:00+01:00,144.28799438476562,144.41900634765625,144.18699645996094,144.19700622558594,0,0.0,0.0
70,2025-06-26 17:30:00+01:00,144.1909942626953,144.1999969482422,144.052001953125,144.11700439453125,0,0.0,0.0
71,2025-06-26 17:45:00+01:00,144.11300659179688,144.2550048828125,144.093994140625,144.24600219726562,0,0.0,0.0
72,2025-06-26 18:00:00+01:00,144.2449951171875,144.2740020751953,144.1280059814453,144.1719970703125,0,0.0,0.0
73,2025-06-26 18:15:00+01:00,144.16799926757812,144.2209930419922,144.14100646972656,144.17999267578125,0,0.0,0.0
74,2025-06-26 18:30:00+01:00,144.18099975585938,144.2449951171875,144.1439971923828,144.17599487304688,0,0.0,0.0
75,2025-06-26 18:45:00+01:00,144.17100524902344,144.20599365234375,144.13600158691406,144.18600463867188,0,0.0,0.0
76,2025-06-26 19:00:00+01:00,144.18800354003906,144.21800231933594,144.1479949951172,144.15499877929688,0,0.0,0.0
77,2025-06-26 19:15:00+01:00,144.1540069580078,144.26400756835938,144.1479949951172,144.23599243164062,0,0.0,0.0
78,2025-06-26 19:30:00+01:00,144.23500061035156,144.26300048828125,144.1909942626953,144.24099731445312,0,0.0,0.0
79,2025-06-26 19:45:00+01:00,144.24200439453125,144.26100158691406,144.1820068359375,144.19900512695312,0,0.0,0.0
80,2025-06-26 20:00:00+01:00,144.2010040283203,144.37399291992188,144.1929931640625,144.33599853515625,0,0.0,0.0
81,2025-06-26 20:15:00+01:00,144.33099365234375,144.4040069580078,144.32899475097656,144.3419952392578,0,0.0,0.0
82,2025-06-26 20:30:00+01:00,144.34500122070312,144.35800170898438,144.29600524902344,144.3179931640625,0,0.0,0.0
83,2025-06-26 20:45:00+01:00,144.3159942626953,144.3939971923828,144.29800415039062,144.36900329589844,0,0.0,0.0
84,2025-06-26 21:00:00+01:00,144.37100219726562,144.46200561523438,144.3260040283203,144.41000366210938,0,0.0,0.0
85,2025-06-26 21:15:00+01:00,144.40899658203125,144.4550018310547,144.4040069580078,144.41700744628906,0,0.0,0.0
86,2025-06-26 21:30:00+01:00,144.41700744628906,144.4720001220703,144.40199279785156,144.4040069580078,0,0.0,0.0
87,2025-06-26 21:45:00+01:00,144.406005859375,144.4320068359375,144.3509979248047,144.3520050048828,0,0.0,0.0
88,2025-06-26 22:00:00+01:00,144.3679962158203,144.4080047607422,144.25900268554688,144.2790069580078,0,0.0,0.0
89,2025-06-26 22:15:00+01:00,144.26800537109375,144.3939971923828,144.25900268554688,144.36300659179688,0,0.0,0.0
90,2025-06-26 22:30:00+01:00,144.3820037841797,144.4029998779297,144.35400390625,144.38299560546875,0,0.0,0.0
91,2025-06-26 22:45:00+01:00,144.38099670410156,144.39300537109375,144.32699584960938,144.35699462890625,0,0.0,0.0
92,2025-06-26 23:00:00+01:00,144.343994140625,144.53500366210938,144.32000732421875,144.45899963378906,0,0.0,0.0
93,2025-06-26 23:15:00+01:00,144.45799255371094,144.5189971923828,144.4459991455078,144.4709930419922,0,0.0,0.0
94,2025-06-26 23:30:00+01:00,144.47000122070312,144.66000366210938,144.46299743652344,144.61500549316406,0,0.0,0.0
95,2025-06-26 23:45:00+01:00,144.61399841308594,144.63400268554688,144.59100341796875,144.59800720214844,0,0.0,0.0
96,2025-06-27 00:00:00+01:00,144.57000732421875,144.58599853515625,144.4969940185547,144.5,0,0.0,0.0
97,2025-06-27 00:15:00+01:00,144.5030059814453,144.50599670410156,144.38800048828125,144.41099548339844,0,0.0,0.0
98,2025-06-27 00:30:00+01:00,144.41400146484375,144.6790008544922,144.41400146484375,144.48800659179688,0,0.0,0.0
99,2025-06-27 00:45:00+01:00,144.48800659179688,144.7429962158203,144.47000122070312,144.6790008544922,0,0.0,0.0
100,2025-06-27 01:00:00+01:00,144.67599487304688,144.7550048828125,144.54299926757812,144.56199645996094,0,0.0,0.0
101,2025-06-27 01:15:00+01:00,144.56300354003906,144.73399353027344,144.53799438476562,144.71800231933594,0,0.0,0.0
102,2025-06-27 01:30:00+01:00,144.71200561523438,144.80799865722656,144.69500732421875,144.72900390625,0,0.0,0.0
103,2025-06-27 01:45:00+01:00,144.72799682617188,144.75999450683594,144.51800537109375,144.64999389648438,0,0.0,0.0
104,2025-06-27 02:00:00+01:00,144.6479949951172,144.74099731445312,144.6179962158203,144.7220001220703,0,0.0,0.0
105,2025-06-27 02:15:00+01:00,144.72300720214844,144.73699951171875,144.5570068359375,144.5749969482422,0,0.0,0.0
106,2025-06-27 02:30:00+01:00,144.57000732421875,144.6219940185547,144.48300170898438,144.4980010986328,0,0.0,0.0
107,2025-06-27 02:45:00+01:00,144.49899291992188,144.5,144.27200317382812,144.27999877929688,0,0.0,0.0
108,2025-06-27 03:00:00+01:00,144.281005859375,144.3459930419922,144.1909942626953,144.30599975585938,0,0.0,0.0
109,2025-06-27 03:15:00+01:00,144.30799865722656,144.3820037841797,144.23399353027344,144.36300659179688,0,0.0,0.0
110,2025-06-27 03:30:00+01:00,144.36099243164062,144.39300537109375,144.27000427246094,144.343994140625,0,0.0,0.0
111,2025-06-27 03:45:00+01:00,144.3509979248047,144.3679962158203,144.26800537109375,144.32400512695312,0,0.0,0.0
112,2025-06-27 04:00:00+01:00,144.3249969482422,144.3560028076172,144.2480010986328,144.2779998779297,0,0.0,0.0
113,2025-06-27 04:15:00+01:00,144.27999877929688,144.34300231933594,144.2530059814453,144.32000732421875,0,0.0,0.0
114,2025-06-27 04:30:00+01:00,144.31700134277344,144.41700744628906,144.29600524902344,144.41400146484375,0,0.0,0.0
115,2025-06-27 04:45:00+01:00,144.41299438476562,144.5019989013672,144.3509979248047,144.45700073242188,0,0.0,0.0
116,2025-06-27 05:00:00+01:00,144.45399475097656,144.47799682617188,144.40699768066406,144.4530029296875,0,0.0,0.0
117,2025-06-27 05:15:00+01:00,144.44900512695312,144.50399780273438,144.42999267578125,144.4980010986328,0,0.0,0.0
118,2025-06-27 05:30:00+01:00,144.49400329589844,144.5449981689453,144.4600067138672,144.4980010986328,0,0.0,0.0
119,2025-06-27 05:45:00+01:00,144.5019989013672,144.58700561523438,144.4980010986328,144.54200744628906,0,0.0,0.0
120,2025-06-27 06:00:00+01:00,144.54600524902344,144.59100341796875,144.50399780273438,144.5229949951172,0,0.0,0.0
121,2025-06-27 06:15:00+01:00,144.5229949951172,144.57899475097656,144.47799682617188,144.49099731445312,0,0.0,0.0
122,2025-06-27 06:30:00+01:00,144.48599243164062,144.52999877929688,144.39500427246094,144.43699645996094,0,0.0,0.0
123,2025-06-27 06:45:00+01:00,144.43499755859375,144.47000122070312,144.3560028076172,144.42300415039062,0,0.0,0.0
124,2025-06-27 07:00:00+01:00,144.4250030517578,144.5030059814453,144.37100219726562,144.43099975585938,0,0.0,0.0
125,2025-06-27 07:15:00+01:00,144.4340057373047,144.44000244140625,144.27999877929688,144.33900451660156,0,0.0,0.0
126,2025-06-27 07:30:00+01:00,144.33999633789062,144.37600708007812,144.25799560546875,144.28700256347656,0,0.0,0.0
127,2025-06-27 07:45:00+01:00,144.28500366210938,144.31399536132812,144.1999969482422,144.24000549316406,0,0.0,0.0
128,2025-06-27 08:00:00+01:00,144.23899841308594,144.3459930419922,144.1719970703125,144.3000030517578,0,0.0,0.0
129,2025-06-27 08:15:00+01:00,144.30099487304688,144.55299377441406,144.2989959716797,144.49000549316406,0,0.0,0.0
130,2025-06-27 08:30:00+01:00,144.48899841308594,144.52000427246094,144.3820037841797,144.44500732421875,0,0.0,0.0
131,2025-06-27 08:45:00+01:00,144.44500732421875,144.531005859375,144.44200134277344,144.48199462890625,0,0.0,0.0
132,2025-06-27 09:00:00+01:00,144.47900390625,144.51499938964844,144.35899353027344,144.3699951171875,0,0.0,0.0
133,2025-06-27 09:15:00+01:00,144.36900329589844,144.3800048828125,144.28799438476562,144.36500549316406,0,0.0,0.0
134,2025-06-27 09:30:00+01:00,144.36199951171875,144.4080047607422,144.3090057373047,144.31300354003906,0,0.0,0.0
135,2025-06-27 09:45:00+01:00,144.31300354003906,144.43499755859375,144.25399780273438,144.41799926757812,0,0.0,0.0
136,2025-06-27 10:00:00+01:00,144.4219970703125,144.45700073242188,144.36399841308594,144.38299560546875,0,0.0,0.0
137,2025-06-27 10:15:00+01:00,144.3820037841797,144.41600036621094,144.3419952392578,144.375,0,0.0,0.0
138,2025-06-27 10:30:00+01:00,144.3769989013672,144.45899963378906,144.36199951171875,144.43699645996094,0,0.0,0.0
139,2025-06-27 10:45:00+01:00,144.43899536132812,144.49099731445312,144.3820037841797,144.48599243164062,0,0.0,0.0
140,2025-06-27 11:00:00+01:00,144.48199462890625,144.5399932861328,144.45899963378906,144.5260009765625,0,0.0,0.0
141,2025-06-27 11:15:00+01:00,144.5290069580078,144.6320037841797,144.5240020751953,144.6300048828125,0,0.0,0.0
142,2025-06-27 11:30:00+01:00,144.6269989013672,144.68099975585938,144.58399963378906,144.65199279785156,0,0.0,0.0
143,2025-06-27 11:45:00+01:00,144.6510009765625,144.656005859375,144.51800537109375,144.53500366210938,0,0.0,0.0
144,2025-06-27 12:00:00+01:00,144.531005859375,144.57200622558594,144.48399353027344,144.55799865722656,0,0.0,0.0
145,2025-06-27 12:15:00+01:00,144.5260009765625,144.58999633789062,144.51600646972656,144.53900146484375,0,0.0,0.0
146,2025-06-27 12:30:00+01:00,144.54299926757812,144.62899780273438,144.51400756835938,144.5659942626953,0,0.0,0.0
147,2025-06-27 12:45:00+01:00,144.55999755859375,144.61500549316406,144.48399353027344,144.49200439453125,0,0.0,0.0
148,2025-06-27 13:00:00+01:00,144.48800659179688,144.62100219726562,144.4759979248047,144.57400512695312,0,0.0,0.0
149,2025-06-27 13:15:00+01:00,144.57400512695312,144.62399291992188,144.4949951171875,144.52999877929688,0,0.0,0.0
150,2025-06-27 13:30:00+01:00,144.5290069580078,144.60000610351562,144.36199951171875,144.48300170898438,0,0.0,0.0
151,2025-06-27 13:45:00+01:00,144.48399353027344,144.4929962158203,144.36000061035156,144.4429931640625,0,0.0,0.0
152,2025-06-27 14:00:00+01:00,144.4409942626953,144.61199951171875,144.375,144.58700561523438,0,0.0,0.0
153,2025-06-27 14:15:00+01:00,144.58900451660156,144.74600219726562,144.54299926757812,144.73899841308594,0,0.0,0.0
154,2025-06-27 14:30:00+01:00,144.74000549316406,144.80499267578125,144.67999267578125,144.68699645996094,0,0.0,0.0
155,2025-06-27 14:45:00+01:00,144.6840057373047,144.74099731445312,144.6199951171875,144.7209930419922,0,0.0,0.0
156,2025-06-27 15:00:00+01:00,144.718994140625,144.7740020751953,144.56399536132812,144.6300048828125,0,0.0,0.0
157,2025-06-27 15:15:00+01:00,144.63400268554688,144.72300720214844,144.58700561523438,144.7050018310547,0,0.0,0.0
158,2025-06-27 15:30:00+01:00,144.70399475097656,144.90899658203125,144.677001953125,144.86099243164062,0,0.0,0.0
159,2025-06-27 15:45:00+01:00,144.86000061035156,144.94500732421875,144.82699584960938,144.8800048828125,0,0.0,0.0
160,2025-06-27 16:00:00+01:00,144.8780059814453,144.91000366210938,144.71299743652344,144.7310028076172,0,0.0,0.0
161,2025-06-27 16:15:00+01:00,144.72799682617188,144.79100036621094,144.677001953125,144.79100036621094,0,0.0,0.0
162,2025-06-27 16:30:00+01:00,144.79100036621094,144.8179931640625,144.6230010986328,144.65699768066406,0,0.0,0.0
163,2025-06-27 16:45:00+01:00,144.656005859375,144.73699951171875,144.60899353027344,144.73599243164062,0,0.0,0.0
164,2025-06-27 17:00:00+01:00,144.73500061035156,144.75399780273438,144.60800170898438,144.6219940185547,0,0.0,0.0
165,2025-06-27 17:15:00+01:00,144.62100219726562,144.6790008544922,144.56900024414062,144.5749969482422,0,0.0,0.0
166,2025-06-27 17:30:00+01:00,144.57699584960938,144.61599731445312,144.53599548339844,144.56399536132812,0,0.0,0.0
167,2025-06-27 17:45:00+01:00,144.56100463867188,144.68099975585938,144.5570068359375,144.64500427246094,0,0.0,0.0
168,2025-06-27 18:00:00+01:00,144.64500427246094,144.66900634765625,144.5780029296875,144.6540069580078,0,0.0,0.0
169,2025-06-27 18:15:00+01:00,144.65499877929688,144.76199340820312,144.6179962158203,144.7220001220703,0,0.0,0.0
170,2025-06-27 18:30:00+01:00,144.7220001220703,144.88499450683594,144.7220001220703,144.85299682617188,0,0.0,0.0
171,2025-06-27 18:45:00+01:00,144.85800170898438,144.9040069580078,144.71600341796875,144.73699951171875,0,0.0,0.0
172,2025-06-27 19:00:00+01:00,144.73800659179688,144.80999755859375,144.68800354003906,144.70599365234375,0,0.0,0.0
173,2025-06-27 19:15:00+01:00,144.70399475097656,144.7519989013672,144.63099670410156,144.73399353027344,0,0.0,0.0
174,2025-06-27 19:30:00+01:00,144.73699951171875,144.85000610351562,144.73599243164062,144.75999450683594,0,0.0,0.0
175,2025-06-27 19:45:00+01:00,144.75999450683594,144.76499938964844,144.6479949951172,144.69900512695312,0,0.0,0.0
176,2025-06-27 20:00:00+01:00,144.69700622558594,144.74000549316406,144.65199279785156,144.7050018310547,0,0.0,0.0
177,2025-06-27 20:15:00+01:00,144.70599365234375,144.7449951171875,144.68600463867188,144.69400024414062,0,0.0,0.0
178,2025-06-27 20:30:00+01:00,144.6929931640625,144.7530059814453,144.6739959716797,144.73500061035156,0,0.0,0.0
179,2025-06-27 20:45:00+01:00,144.74000549316406,144.79400634765625,144.7030029296875,144.75,0,0.0,0.0
180,2025-06-27 21:00:00+01:00,144.75100708007812,144.76100158691406,144.66700744628906,144.6820068359375,0,0.0,0.0
181,2025-06-27 21:15:00+01:00,144.6820068359375,144.6909942626953,144.63800048828125,144.68699645996094,0,0.0,0.0
182,2025-06-27 21:30:00+01:00,144.6820068359375,144.68699645996094,144.6300048828125,144.67599487304688,0,0.0,0.0
183,2025-06-27 21:45:00+01:00,144.67100524902344,144.70799255371094,144.60400390625,144.61399841308594,0,0.0,0.0
184,2025-06-27 22:00:00+01:00,144.61500549316406,144.61500549316406,144.61500549316406,144.61500549316406,0,0.0,0.0
185,2025-06-30 00:00:00+01:00,144.4739990234375,144.50599670410156,144.41400146484375,144.4149932861328,0,0.0,0.0
186,2025-06-30 00:15:00+01:00,144.4149932861328,144.46400451660156,144.3780059814453,144.46200561523438,0,0.0,0.0
187,2025-06-30 00:30:00+01:00,144.46099853515625,144.4949951171875,144.4429931640625,144.44400024414062,0,0.0,0.0
188,2025-06-30 00:45:00+01:00,144.44500732421875,144.5399932861328,144.41799926757812,144.4980010986328,0,0.0,0.0
189,2025-06-30 01:00:00+01:00,144.49899291992188,144.60299682617188,144.468994140625,144.572998046875,0,0.0,0.0
190,2025-06-30 01:15:00+01:00,144.5749969482422,144.61900329589844,144.51400756835938,144.5290069580078,0,0.0,0.0
191,2025-06-30 01:30:00+01:00,144.53199768066406,144.6230010986328,144.51199340820312,144.5749969482422,0,0.0,0.0
192,2025-06-30 01:45:00+01:00,144.57200622558594,144.76199340820312,144.5399932861328,144.61599731445312,0,0.0,0.0
193,2025-06-30 02:00:00+01:00,144.61599731445312,144.65199279785156,144.54800415039062,144.60699462890625,0,0.0,0.0
194,2025-06-30 02:15:00+01:00,144.61000061035156,144.63299560546875,144.36000061035156,144.38099670410156,0,0.0,0.0
195,2025-06-30 02:30:00+01:00,144.3769989013672,144.42300415039062,144.25999450683594,144.28799438476562,0,0.0,0.0
196,2025-06-30 02:45:00+01:00,144.28799438476562,144.34100341796875,144.24099731445312,144.3280029296875,0,0.0,0.0
197,2025-06-30 03:00:00+01:00,144.3260040283203,144.33099365234375,144.125,144.15499877929688,0,0.0,0.0
198,2025-06-30 03:15:00+01:00,144.1540069580078,144.2270050048828,144.08599853515625,144.11700439453125,0,0.0,0.0
199,2025-06-30 03:30:00+01:00,144.11700439453125,144.25100708007812,144.1060028076172,144.2429962158203,0,0.0,0.0
200,2025-06-30 03:45:00+01:00,144.24200439453125,144.29299926757812,144.19500732421875,144.2830047607422,0,0.0,0.0
201,2025-06-30 04:00:00+01:00,144.28799438476562,144.31199645996094,144.19000244140625,144.20399475097656,0,0.0,0.0
202,2025-06-30 04:15:00+01:00,144.20199584960938,144.22900390625,144.15499877929688,144.20599365234375,0,0.0,0.0
203,2025-06-30 04:30:00+01:00,144.21499633789062,144.302001953125,144.17799377441406,144.27699279785156,0,0.0,0.0
204,2025-06-30 04:45:00+01:00,144.2790069580078,144.2790069580078,144.17300415039062,144.21600341796875,0,0.0,0.0
205,2025-06-30 05:00:00+01:00,144.21800231933594,144.23399353027344,144.0780029296875,144.11399841308594,0,0.0,0.0
206,2025-06-30 05:15:00+01:00,144.11700439453125,144.14599609375,144.08700561523438,144.1199951171875,0,0.0,0.0
207,2025-06-30 05:30:00+01:00,144.12100219726562,144.12399291992188,143.99899291992188,144.0260009765625,0,0.0,0.0
208,2025-06-30 05:45:00+01:00,144.02499389648438,144.0399932861328,143.90699768066406,143.94400024414062,0,0.0,0.0
209,2025-06-30 06:00:00+01:00,143.94400024414062,143.947998046875,143.84100341796875,143.89300537109375,0,0.0,0.0
210,2025-06-30 06:15:00+01:00,143.8939971923828,143.89599609375,143.81300354003906,143.8470001220703,0,0.0,0.0
211,2025-06-30 06:30:00+01:00,143.8419952392578,143.93299865722656,143.7899932861328,143.88400268554688,0,0.0,0.0
212,2025-06-30 06:45:00+01:00,143.87899780273438,143.93299865722656,143.84300231933594,143.9080047607422,0,0.0,0.0
213,2025-06-30 07:00:00+01:00,143.906005859375,143.96099853515625,143.8780059814453,143.88900756835938,0,0.0,0.0
214,2025-06-30 07:15:00+01:00,143.88699340820312,143.97799682617188,143.85699462890625,143.89999389648438,0,0.0,0.0
215,2025-06-30 07:30:00+01:00,143.9010009765625,144.01800537109375,143.85299682617188,143.8820037841797,0,0.0,0.0
216,2025-06-30 07:45:00+01:00,143.88400268554688,144.0070037841797,143.84800720214844,143.8820037841797,0,0.0,0.0
217,2025-06-30 08:00:00+01:00,143.88099670410156,143.9770050048828,143.78500366210938,143.81199645996094,0,0.0,0.0
218,2025-06-30 08:15:00+01:00,143.80799865722656,143.95799255371094,143.7779998779297,143.9499969482422,0,0.0,0.0
219,2025-06-30 08:30:00+01:00,143.9550018310547,144.04400634765625,143.8979949951172,144.04100036621094,0,0.0,0.0
220,2025-06-30 08:45:00+01:00,144.0399932861328,144.16900634765625,144.03199768066406,144.12600708007812,0,0.0,0.0
221,2025-06-30 09:00:00+01:00,144.1219940185547,144.15199279785156,144.01199340820312,144.10899353027344,0,0.0,0.0
222,2025-06-30 09:15:00+01:00,144.11500549316406,144.21499633789062,144.10499572753906,144.13600158691406,0,0.0,0.0
223,2025-06-30 09:30:00+01:00,144.13600158691406,144.18099975585938,144.08799743652344,144.11700439453125,0,0.0,0.0
224,2025-06-30 09:45:00+01:00,144.1199951171875,144.19700622558594,144.08399963378906,144.11000061035156,0,0.0,0.0
225,2025-06-30 10:00:00+01:00,144.11300659179688,144.1959991455078,144.09800720214844,144.12899780273438,0,0.0,0.0
226,2025-06-30 10:15:00+01:00,144.1300048828125,144.18699645996094,144.0500030517578,144.18099975585938,0,0.0,0.0
227,2025-06-30 10:30:00+01:00,144.1790008544922,144.22500610351562,144.13900756835938,144.19400024414062,0,0.0,0.0
228,2025-06-30 10:45:00+01:00,144.1959991455078,144.26699829101562,144.18299865722656,144.26499938964844,0,0.0,0.0
229,2025-06-30 11:00:00+01:00,144.26400756835938,144.28900146484375,144.197998046875,144.21299743652344,0,0.0,0.0
230,2025-06-30 11:15:00+01:00,144.2100067138672,144.2209930419922,144.18299865722656,144.19700622558594,0,0.0,0.0
231,2025-06-30 11:30:00+01:00,144.197998046875,144.2220001220703,144.1790008544922,144.21499633789062,0,0.0,0.0
232,2025-06-30 11:45:00+01:00,144.2100067138672,144.2259979248047,144.1719970703125,144.1790008544922,0,0.0,0.0
233,2025-06-30 12:00:00+01:00,144.1820068359375,144.22000122070312,144.1490020751953,144.21200561523438,0,0.0,0.0
234,2025-06-30 12:15:00+01:00,144.20799255371094,144.281005859375,144.19400024414062,144.26800537109375,0,0.0,0.0
235,2025-06-30 12:30:00+01:00,144.2729949951172,144.3350067138672,144.2519989013672,144.31399536132812,0,0.0,0.0
236,2025-06-30 12:45:00+01:00,144.3159942626953,144.3419952392578,144.26199340820312,144.32899475097656,0,0.0,0.0
237,2025-06-30 13:00:00+01:00,144.32699584960938,144.36599731445312,144.28199768066406,144.3560028076172,0,0.0,0.0
238,2025-06-30 13:15:00+01:00,144.35800170898438,144.45700073242188,144.3509979248047,144.41900634765625,0,0.0,0.0
239,2025-06-30 13:30:00+01:00,144.42300415039062,144.48500061035156,144.41000366210938,144.45799255371094,0,0.0,0.0
240,2025-06-30 13:45:00+01:00,144.45399475097656,144.49400329589844,144.427001953125,144.45899963378906,0,0.0,0.0
241,2025-06-30 14:00:00+01:00,144.45599365234375,144.48199462890625,144.35899353027344,144.35899353027344,0,0.0,0.0
242,2025-06-30 14:15:00+01:00,144.36300659179688,144.44400024414062,144.3280029296875,144.41099548339844,0,0.0,0.0
243,2025-06-30 14:30:00+01:00,144.4149932861328,144.4810028076172,144.35000610351562,144.39199829101562,0,0.0,0.0
244,2025-06-30 14:45:00+01:00,144.39500427246094,144.51100158691406,144.31399536132812,144.36399841308594,0,0.0,0.0
245,2025-06-30 15:00:00+01:00,144.36300659179688,144.427001953125,144.2899932861328,144.39700317382812,0,0.0,0.0
246,2025-06-30 15:15:00+01:00,144.39999389648438,144.48399353027344,144.33799743652344,144.36199951171875,0,0.0,0.0
247,2025-06-30 15:30:00+01:00,144.36599731445312,144.36599731445312,144.20799255371094,144.2779998779297,0,0.0,0.0
248,2025-06-30 15:45:00+01:00,144.281005859375,144.50100708007812,144.23199462890625,144.44500732421875,0,0.0,0.0
249,2025-06-30 16:00:00+01:00,144.44700622558594,144.4969940185547,144.2100067138672,144.21400451660156,0,0.0,0.0
250,2025-06-30 16:15:00+01:00,144.21099853515625,144.29800415039062,144.20799255371094,144.2760009765625,0,0.0,0.0
251,2025-06-30 16:30:00+01:00,144.27200317382812,144.35699462890625,144.23399353027344,144.30499267578125,0,0.0,0.0
252,2025-06-30 16:45:00+01:00,144.3040008544922,144.33099365234375,144.15199279785156,144.16299438476562,0,0.0,0.0
253,2025-06-30 17:00:00+01:00,144.16299438476562,144.2760009765625,144.13600158691406,144.25,0,0.0,0.0
254,2025-06-30 17:15:00+01:00,144.25,144.36900329589844,144.20899963378906,144.3249969482422,0,0.0,0.0
255,2025-06-30 17:30:00+01:00,144.32000732421875,144.38800048828125,144.2949981689453,144.3070068359375,0,0.0,0.0
256,2025-06-30 17:45:00+01:00,144.30599975585938,144.322998046875,144.19700622558594,144.2239990234375,0,0.0,0.0
257,2025-06-30 18:00:00+01:00,144.2239990234375,144.25,144.17799377441406,144.25,0,0.0,0.0
258,2025-06-30 18:15:00+01:00,144.2480010986328,144.2480010986328,144.1540069580078,144.1840057373047,0,0.0,0.0
259,2025-06-30 18:30:00+01:00,144.18600463867188,144.2449951171875,144.14700317382812,144.23199462890625,0,0.0,0.0
260,2025-06-30 18:45:00+01:00,144.23300170898438,144.32400512695312,144.18499755859375,144.2519989013672,0,0.0,0.0
261,2025-06-30 19:00:00+01:00,144.2519989013672,144.29600524902344,144.16200256347656,144.22300720214844,0,0.0,0.0
262,2025-06-30 19:15:00+01:00,144.2220001220703,144.25100708007812,144.16000366210938,144.19500732421875,0,0.0,0.0
263,2025-06-30 19:30:00+01:00,144.19400024414062,144.1959991455078,144.12399291992188,144.14100646972656,0,0.0,0.0
264,2025-06-30 19:45:00+01:00,144.14100646972656,144.21200561523438,144.1230010986328,144.1999969482422,0,0.0,0.0
265,2025-06-30 20:00:00+01:00,144.2030029296875,144.2449951171875,144.13400268554688,144.16099548339844,0,0.0,0.0
266,2025-06-30 20:15:00+01:00,144.1580047607422,144.21200561523438,144.13499450683594,144.1790008544922,0,0.0,0.0
267,2025-06-30 20:30:00+01:00,144.17799377441406,144.1840057373047,144.1219940185547,144.13600158691406,0,0.0,0.0
268,2025-06-30 20:45:00+01:00,144.14100646972656,144.16700744628906,143.98800659179688,144.03500366210938,0,0.0,0.0
269,2025-06-30 21:00:00+01:00,144.03799438476562,144.0540008544922,143.9600067138672,143.98800659179688,0,0.0,0.0
270,2025-06-30 21:15:00+01:00,143.98599243164062,143.9969940185547,143.95599365234375,143.96400451660156,0,0.0,0.0
271,2025-06-30 21:30:00+01:00,143.96800231933594,143.98800659179688,143.94700622558594,143.98399353027344,0,0.0,0.0
272,2025-06-30 21:45:00+01:00,143.98500061035156,144.04299926757812,143.96499633789062,144.0290069580078,0,0.0,0.0
273,2025-06-30 22:00:00+01:00,143.9980010986328,144.0500030517578,143.968994140625,144.00999450683594,0,0.0,0.0
274,2025-06-30 22:15:00+01:00,144.0019989013672,144.02499389648438,143.97799682617188,143.9949951171875,0,0.0,0.0
275,2025-06-30 22:30:00+01:00,144.00999450683594,144.02000427246094,143.9810028076172,144.00900268554688,0,0.0,0.0
276,2025-06-30 22:45:00+01:00,144.01100158691406,144.05099487304688,143.98699951171875,144.00999450683594,0,0.0,0.0
277,2025-06-30 23:00:00+01:00,143.9980010986328,144.0290069580078,143.91000366210938,143.93499755859375,0,0.0,0.0
278,2025-06-30 23:15:00+01:00,143.93699645996094,143.96600341796875,143.89300537109375,143.89700317382812,0,0.0,0.0
279,2025-06-30 23:30:00+01:00,143.89999389648438,143.95700073242188,143.8509979248047,143.91400146484375,0,0.0,0.0
280,2025-06-30 23:45:00+01:00,143.91600036621094,143.93800354003906,143.89100646972656,143.9149932861328,0,0.0,0.0
281,2025-07-01 00:00:00+01:00,143.91600036621094,143.92999267578125,143.8780059814453,143.88600158691406,0,0.0,0.0
282,2025-07-01 00:15:00+01:00,143.88099670410156,143.89300537109375,143.83200073242188,143.85400390625,0,0.0,0.0
283,2025-07-01 00:30:00+01:00,143.85400390625,143.89100646972656,143.83399963378906,143.8780059814453,0,0.0,0.0
284,2025-07-01 00:45:00+01:00,143.8820037841797,143.9010009765625,143.77000427246094,143.802001953125,0,0.0,0.0
285,2025-07-01 01:00:00+01:00,143.8040008544922,143.80999755859375,143.59800720214844,143.66099548339844,0,0.0,0.0
286,2025-07-01 01:15:00+01:00,143.66200256347656,143.75100708007812,143.65699768066406,143.67100524902344,0,0.0,0.0
287,2025-07-01 01:30:00+01:00,143.6719970703125,143.7429962158203,143.63499450683594,143.72000122070312,0,0.0,0.0
288,2025-07-01 01:45:00+01:00,143.718994140625,143.74200439453125,143.5500030517578,143.56399536132812,0,0.0,0.0
289,2025-07-01 02:00:00+01:00,143.56500244140625,143.6269989013672,143.52999877929688,143.54299926757812,0,0.0,0.0
290,2025-07-01 02:15:00+01:00,143.54200744628906,143.63800048828125,143.4320068359375,143.60499572753906,0,0.0,0.0
291,2025-07-01 02:30:00+01:00,143.60299682617188,143.7740020751953,143.6020050048828,143.6909942626953,0,0.0,0.0
292,2025-07-01 02:45:00+01:00,143.69900512695312,143.8070068359375,143.68299865722656,143.79200744628906,0,0.0,0.0
293,2025-07-01 03:00:00+01:00,143.7969970703125,143.83399963378906,143.6840057373047,143.68899536132812,0,0.0,0.0
294,2025-07-01 03:15:00+01:00,143.69000244140625,143.75,143.65199279785156,143.7429962158203,0,0.0,0.0
295,2025-07-01 03:30:00+01:00,143.7429962158203,143.76499938964844,143.63699340820312,143.76100158691406,0,0.0,0.0
296,2025-07-01 03:45:00+01:00,143.75999450683594,143.7689971923828,143.6580047607422,143.72300720214844,0,0.0,0.0
297,2025-07-01 04:00:00+01:00,143.7270050048828,143.72900390625,143.6269989013672,143.66600036621094,0,0.0,0.0
298,2025-07-01 04:15:00+01:00,143.6699981689453,143.7449951171875,143.63800048828125,143.73599243164062,0,0.0,0.0
299,2025-07-01 04:30:00+01:00,143.73800659179688,143.8159942626953,143.72900390625,143.79400634765625,0,0.0,0.0
300,2025-07-01 04:45:00+01:00,143.79200744628906,143.89100646972656,143.7480010986328,143.87899780273438,0,0.0,0.0
301,2025-07-01 05:00:00+01:00,143.8769989013672,143.9340057373047,143.8090057373047,143.8419952392578,0,0.0,0.0
302,2025-07-01 05:15:00+01:00,143.84300231933594,143.8699951171875,143.80799865722656,143.85800170898438,0,0.0,0.0
303,2025-07-01 05:30:00+01:00,143.85499572753906,143.87899780273438,143.8090057373047,143.8260040283203,0,0.0,0.0
304,2025-07-01 05:45:00+01:00,143.8280029296875,143.83999633789062,143.74600219726562,143.75100708007812,0,0.0,0.0
305,2025-07-01 06:00:00+01:00,143.74600219726562,143.75,143.63800048828125,143.6510009765625,0,0.0,0.0
306,2025-07-01 06:15:00+01:00,143.6510009765625,143.7239990234375,143.63299560546875,143.64199829101562,0,0.0,0.0
307,2025-07-01 06:30:00+01:00,143.64300537109375,143.67799377441406,143.58999633789062,143.61000061035156,0,0.0,0.0
308,2025-07-01 06:45:00+01:00,143.61000061035156,143.677001953125,143.56700134277344,143.58200073242188,0,0.0,0.0
309,2025-07-01 07:00:00+01:00,143.5760040283203,143.7270050048828,143.54400634765625,143.6699981689453,0,0.0,0.0
310,2025-07-01 07:15:00+01:00,143.66600036621094,143.76199340820312,143.6269989013672,143.6300048828125,0,0.0,0.0
311,2025-07-01 07:30:00+01:00,143.6280059814453,143.6790008544922,143.58599853515625,143.65699768066406,0,0.0,0.0
312,2025-07-01 07:45:00+01:00,143.65899658203125,143.71099853515625,143.64199829101562,143.67100524902344,0,0.0,0.0
313,2025-07-01 08:00:00+01:00,143.66900634765625,143.73899841308594,143.4250030517578,143.42799377441406,0,0.0,0.0
314,2025-07-01 08:15:00+01:00,143.4320068359375,143.45599365234375,143.28799438476562,143.33299255371094,0,0.0,0.0
315,2025-07-01 08:30:00+01:00,143.33599853515625,143.35299682617188,143.22300720214844,143.23500061035156,0,0.0,0.0
316,2025-07-01 08:45:00+01:00,143.23399353027344,143.2449951171875,143.06300354003906,143.06900024414062,0,0.0,0.0
317,2025-07-01 09:00:00+01:00,143.06500244140625,143.0959930419922,143.0050048828125,143.06100463867188,0,0.0,0.0
318,2025-07-01 09:15:00+01:00,143.06199645996094,143.13600158691406,142.98699951171875,143.0260009765625,0,0.0,0.0
319,2025-07-01 09:30:00+01:00,143.0240020751953,143.09500122070312,142.93800354003906,143.01300048828125,0,0.0,0.0
320,2025-07-01 09:45:00+01:00,143.01199340820312,143.08399963378906,142.88600158691406,143.03599548339844,0,0.0,0.0
321,2025-07-01 10:00:00+01:00,143.03900146484375,143.16700744628906,143.02000427246094,143.0330047607422,0,0.0,0.0
322,2025-07-01 10:15:00+01:00,143.02499389648438,143.03500366210938,142.90899658203125,142.9550018310547,0,0.0,0.0
323,2025-07-01 10:30:00+01:00,142.95199584960938,142.95399475097656,142.82000732421875,142.86500549316406,0,0.0,0.0
324,2025-07-01 10:45:00+01:00,142.86700439453125,142.95899963378906,142.8260040283203,142.9429931640625,0,0.0,0.0
325,2025-07-01 11:00:00+01:00,142.94200134277344,142.95700073242188,142.8179931640625,142.85499572753906,0,0.0,0.0
326,2025-07-01 11:15:00+01:00,142.8520050048828,142.95399475097656,142.843994140625,142.91799926757812,0,0.0,0.0
327,2025-07-01 11:30:00+01:00,142.9219970703125,142.99400329589844,142.88499450683594,142.9010009765625,0,0.0,0.0
328,2025-07-01 11:45:00+01:00,142.8979949951172,142.98500061035156,142.85800170898438,142.98300170898438,0,0.0,0.0
329,2025-07-01 12:00:00+01:00,142.98500061035156,142.99000549316406,142.8509979248047,142.91000366210938,0,0.0,0.0
330,2025-07-01 12:15:00+01:00,142.90699768066406,142.96800231933594,142.8939971923828,142.90899658203125,0,0.0,0.0
331,2025-07-01 12:30:00+01:00,142.91000366210938,142.97000122070312,142.7899932861328,142.81300354003906,0,0.0,0.0
332,2025-07-01 12:45:00+01:00,142.8159942626953,142.8730010986328,142.69900512695312,142.73599243164062,0,0.0,0.0
333,2025-07-01 13:00:00+01:00,142.73199462890625,142.91200256347656,142.67599487304688,142.8509979248047,0,0.0,0.0
334,2025-07-01 13:15:00+01:00,142.8489990234375,142.99099731445312,142.84300231933594,142.98300170898438,0,0.0,0.0
335,2025-07-01 13:30:00+01:00,142.98599243164062,143.08299255371094,142.947998046875,143.08299255371094,0,0.0,0.0
336,2025-07-01 13:45:00+01:00,143.07899475097656,143.08999633789062,142.98800659179688,143.0659942626953,0,0.0,0.0
337,2025-07-01 14:00:00+01:00,143.06199645996094,143.1649932861328,143.04800415039062,143.15499877929688,0,0.0,0.0
338,2025-07-01 14:15:00+01:00,143.16600036621094,143.27200317382812,143.1280059814453,143.2220001220703,0,0.0,0.0
339,2025-07-01 14:30:00+01:00,143.21800231933594,143.27999877929688,143.08200073242188,143.10699462890625,0,0.0,0.0
340,2025-07-01 14:45:00+01:00,143.11700439453125,143.28700256347656,142.9320068359375,143.06500244140625,0,0.0,0.0
341,2025-07-01 15:00:00+01:00,143.0570068359375,143.47999572753906,143.0330047607422,143.36099243164062,0,0.0,0.0
342,2025-07-01 15:15:00+01:00,143.36199951171875,143.45599365234375,143.2760009765625,143.37399291992188,0,0.0,0.0
343,2025-07-01 15:30:00+01:00,143.37899780273438,143.47900390625,143.29800415039062,143.3820037841797,0,0.0,0.0
344,2025-07-01 15:45:00+01:00,143.37899780273438,143.46499633789062,143.33399963378906,143.43899536132812,0,0.0,0.0
345,2025-07-01 16:00:00+01:00,143.43499755859375,143.5659942626953,143.43499755859375,143.5489959716797,0,0.0,0.0
346,2025-07-01 16:15:00+01:00,143.5469970703125,143.61500549316406,143.47000122070312,143.6060028076172,0,0.0,0.0
347,2025-07-01 16:30:00+01:00,143.60499572753906,143.66799926757812,143.52000427246094,143.61599731445312,0,0.0,0.0
348,2025-07-01 16:45:00+01:00,143.61500549316406,143.64700317382812,143.54200744628906,143.5760040283203,0,0.0,0.0
349,2025-07-01 17:00:00+01:00,143.57899475097656,143.74400329589844,143.572998046875,143.69500732421875,0,0.0,0.0
350,2025-07-01 17:15:00+01:00,143.69900512695312,143.75799560546875,143.67599487304688,143.6840057373047,0,0.0,0.0
351,2025-07-01 17:30:00+01:00,143.68800354003906,143.7259979248047,143.6280059814453,143.7010040283203,0,0.0,0.0
352,2025-07-01 17:45:00+01:00,143.697998046875,143.77999877929688,143.69000244140625,143.6929931640625,0,0.0,0.0
353,2025-07-01 18:00:00+01:00,143.6909942626953,143.74400329589844,143.65199279785156,143.7100067138672,0,0.0,0.0
354,2025-07-01 18:15:00+01:00,143.70899963378906,143.7519989013672,143.6320037841797,143.65899658203125,0,0.0,0.0
355,2025-07-01 18:30:00+01:00,143.63600158691406,143.6540069580078,143.60000610351562,143.6490020751953,0,0.0,0.0
356,2025-07-01 18:45:00+01:00,143.64999389648438,143.6649932861328,143.60000610351562,143.6219940185547,0,0.0,0.0
357,2025-07-01 19:00:00+01:00,143.625,143.6929931640625,143.61900329589844,143.68099975585938,0,0.0,0.0
358,2025-07-01 19:15:00+01:00,143.6820068359375,143.75999450683594,143.6739959716797,143.73199462890625,0,0.0,0.0
359,2025-07-01 19:30:00+01:00,143.73399353027344,143.78500366210938,143.72000122070312,143.76199340820312,0,0.0,0.0
360,2025-07-01 19:45:00+01:00,143.76300048828125,143.79200744628906,143.71400451660156,143.72000122070312,0,0.0,0.0
361,2025-07-01 20:00:00+01:00,143.7220001220703,143.78900146484375,143.5780029296875,143.6230010986328,0,0.0,0.0
362,2025-07-01 20:15:00+01:00,143.62100219726562,143.76199340820312,143.62100219726562,143.75799560546875,0,0.0,0.0
363,2025-07-01 20:30:00+01:00,143.75999450683594,143.802001953125,143.7519989013672,143.7760009765625,0,0.0,0.0
364,2025-07-01 20:45:00+01:00,143.7760009765625,143.78500366210938,143.7480010986328,143.77099609375,0,0.0,0.0
365,2025-07-01 21:00:00+01:00,143.77099609375,143.77099609375,143.5760040283203,143.6179962158203,0,0.0,0.0
366,2025-07-01 21:15:00+01:00,143.61599731445312,143.66200256347656,143.56900024414062,143.58200073242188,0,0.0,0.0
367,2025-07-01 21:30:00+01:00,143.5800018310547,143.58299255371094,143.4149932861328,143.44500732421875,0,0.0,0.0
368,2025-07-01 21:45:00+01:00,143.4409942626953,143.45799255371094,143.3719940185547,143.38699340820312,0,0.0,0.0
369,2025-07-01 22:00:00+01:00,143.4290008544922,143.4290008544922,143.3560028076172,143.3679962158203,0,0.0,0.0
370,2025-07-01 22:15:00+01:00,143.375,143.40699768066406,143.3679962158203,143.39300537109375,0,0.0,0.0
371,2025-07-01 22:30:00+01:00,143.3979949951172,143.47300720214844,143.36900329589844,143.38600158691406,0,0.0,0.0
372,2025-07-01 22:45:00+01:00,143.40899658203125,143.4149932861328,143.36399841308594,143.3800048828125,0,0.0,0.0
373,2025-07-01 23:00:00+01:00,143.38099670410156,143.43899536132812,143.33299255371094,143.38999938964844,0,0.0,0.0
374,2025-07-01 23:15:00+01:00,143.3939971923828,143.42999267578125,143.37399291992188,143.40199279785156,0,0.0,0.0
375,2025-07-01 23:30:00+01:00,143.4040069580078,143.44200134277344,143.39599609375,143.39700317382812,0,0.0,0.0
376,2025-07-01 23:45:00+01:00,143.4010009765625,143.4149932861328,143.35400390625,143.40499877929688,0,0.0,0.0
377,2025-07-02 00:00:00+01:00,143.4040069580078,143.47300720214844,143.38699340820312,143.4239959716797,0,0.0,0.0
378,2025-07-02 00:15:00+01:00,143.4250030517578,143.45199584960938,143.38400268554688,143.3979949951172,0,0.0,0.0
379,2025-07-02 00:30:00+01:00,143.3990020751953,143.3990020751953,143.33599853515625,143.35400390625,0,0.0,0.0
380,2025-07-02 00:45:00+01:00,143.35499572753906,143.4550018310547,143.33900451660156,143.37100219726562,0,0.0,0.0
381,2025-07-02 01:00:00+01:00,143.36700439453125,143.5919952392578,143.31700134277344,143.5070037841797,0,0.0,0.0
382,2025-07-02 01:15:00+01:00,143.50599670410156,143.60800170898438,143.45599365234375,143.59100341796875,0,0.0,0.0
383,2025-07-02 01:30:00+01:00,143.59300231933594,143.65499877929688,143.55999755859375,143.64999389648438,0,0.0,0.0
384,2025-07-02 01:45:00+01:00,143.65199279785156,143.65899658203125,143.4290008544922,143.47300720214844,0,0.0,0.0
385,2025-07-02 02:00:00+01:00,143.4739990234375,143.61099243164062,143.43800354003906,143.56100463867188,0,0.0,0.0
386,2025-07-02 02:15:00+01:00,143.55999755859375,143.59300231933594,143.46299743652344,143.47000122070312,0,0.0,0.0
387,2025-07-02 02:30:00+01:00,143.47000122070312,143.56700134277344,143.4499969482422,143.49099731445312,0,0.0,0.0
388,2025-07-02 02:45:00+01:00,143.49099731445312,143.68600463867188,143.46800231933594,143.6540069580078,0,0.0,0.0
389,2025-07-02 03:00:00+01:00,143.64999389648438,143.74600219726562,143.62399291992188,143.6439971923828,0,0.0,0.0
390,2025-07-02 03:15:00+01:00,143.6439971923828,143.66200256347656,143.58399963378906,143.60000610351562,0,0.0,0.0
391,2025-07-02 03:30:00+01:00,143.59800720214844,143.6199951171875,143.55799865722656,143.57000732421875,0,0.0,0.0
392,2025-07-02 03:45:00+01:00,143.57000732421875,143.58999633789062,143.50599670410156,143.5489959716797,0,0.0,0.0
393,2025-07-02 04:00:00+01:00,143.54200744628906,143.57000732421875,143.47500610351562,143.53799438476562,0,0.0,0.0
394,2025-07-02 04:15:00+01:00,143.53500366210938,143.57699584960938,143.51100158691406,143.55099487304688,0,0.0,0.0
395,2025-07-02 04:30:00+01:00,143.5500030517578,143.58599853515625,143.51100158691406,143.5449981689453,0,0.0,0.0
396,2025-07-02 04:45:00+01:00,143.5399932861328,143.58900451660156,143.51199340820312,143.5279998779297,0,0.0,0.0
397,2025-07-02 05:00:00+01:00,143.5290069580078,143.5330047607422,143.45599365234375,143.47300720214844,0,0.0,0.0
398,2025-07-02 05:15:00+01:00,143.4720001220703,143.5570068359375,143.46600341796875,143.54400634765625,0,0.0,0.0
399,2025-07-02 05:30:00+01:00,143.5469970703125,143.60899353027344,143.52999877929688,143.5709991455078,0,0.0,0.0
400,2025-07-02 05:45:00+01:00,143.57000732421875,143.60499572753906,143.54100036621094,143.55299377441406,0,0.0,0.0
401,2025-07-02 06:00:00+01:00,143.55099487304688,143.73399353027344,143.53599548339844,143.66600036621094,0,0.0,0.0
402,2025-07-02 06:15:00+01:00,143.66299438476562,143.7779998779297,143.66000366210938,143.69000244140625,0,0.0,0.0
403,2025-07-02 06:30:00+01:00,143.69000244140625,143.73199462890625,143.6179962158203,143.6300048828125,0,0.0,0.0
404,2025-07-02 06:45:00+01:00,143.63400268554688,143.85400390625,143.6269989013672,143.7570037841797,0,0.0,0.0
405,2025-07-02 07:00:00+01:00,143.7519989013672,143.80499267578125,143.69700622558594,143.74099731445312,0,0.0,0.0
406,2025-07-02 07:15:00+01:00,143.73399353027344,143.77999877929688,143.69700622558594,143.7100067138672,0,0.0,0.0
407,2025-07-02 07:30:00+01:00,143.70899963378906,143.82400512695312,143.6699981689453,143.81300354003906,0,0.0,0.0
408,2025-07-02 07:45:00+01:00,143.8159942626953,143.88600158691406,143.79400634765625,143.8070068359375,0,0.0,0.0
409,2025-07-02 08:00:00+01:00,143.80599975585938,143.9409942626953,143.8000030517578,143.8560028076172,0,0.0,0.0
410,2025-07-02 08:15:00+01:00,143.85899353027344,143.9530029296875,143.83700561523438,143.9320068359375,0,0.0,0.0
411,2025-07-02 08:30:00+01:00,143.9340057373047,144.0500030517578,143.83200073242188,143.83900451660156,0,0.0,0.0
412,2025-07-02 08:45:00+01:00,143.83599853515625,143.92100524902344,143.8209991455078,143.8990020751953,0,0.0,0.0
413,2025-07-02 09:00:00+01:00,143.8979949951172,143.9250030517578,143.7740020751953,143.81300354003906,0,0.0,0.0
414,2025-07-02 09:15:00+01:00,143.81199645996094,143.88999938964844,143.79200744628906,143.8520050048828,0,0.0,0.0
415,2025-07-02 09:30:00+01:00,143.8489990234375,143.9040069580078,143.80799865722656,143.81900024414062,0,0.0,0.0
416,2025-07-02 09:45:00+01:00,143.82200622558594,143.97300720214844,143.81300354003906,143.96400451660156,0,0.0,0.0
417,2025-07-02 10:00:00+01:00,143.96499633789062,144.12399291992188,143.9250030517578,144.1060028076172,0,0.0,0.0
418,2025-07-02 10:15:00+01:00,144.11199951171875,144.2010040283203,144.0540008544922,144.177001953125,0,0.0,0.0
419,2025-07-02 10:30:00+01:00,144.1739959716797,144.24400329589844,144.1479949951172,144.1820068359375,0,0.0,0.0
420,2025-07-02 10:45:00+01:00,144.1840057373047,144.2310028076172,144.12899780273438,144.14700317382812,0,0.0,0.0
421,2025-07-02 11:00:00+01:00,144.14599609375,144.15699768066406,144.00100708007812,144.03500366210938,0,0.0,0.0
422,2025-07-02 11:15:00+01:00,144.0330047607422,144.05999755859375,143.96299743652344,143.9980010986328,0,0.0,0.0
423,2025-07-02 11:30:00+01:00,143.9969940185547,144.01400756835938,143.8780059814453,143.91700744628906,0,0.0,0.0
424,2025-07-02 11:45:00+01:00,143.91799926757812,143.94200134277344,143.86000061035156,143.92100524902344,0,0.0,0.0
425,2025-07-02 12:00:00+01:00,143.91799926757812,143.968994140625,143.88800048828125,143.9040069580078,0,0.0,0.0
426,2025-07-02 12:15:00+01:00,143.9010009765625,143.98500061035156,143.89700317382812,143.9759979248047,0,0.0,0.0
427,2025-07-02 12:30:00+01:00,143.97300720214844,144.09300231933594,143.947998046875,144.0749969482422,0,0.0,0.0
428,2025-07-02 12:45:00+01:00,144.072998046875,144.197998046875,144.07200622558594,144.17799377441406,0,0.0,0.0
429,2025-07-02 13:00:00+01:00,144.177001953125,144.21299743652344,144.11099243164062,144.177001953125,0,0.0,0.0
430,2025-07-02 13:15:00+01:00,144.17300415039062,144.1929931640625,143.57400512695312,143.57400512695312,0,0.0,0.0
