Date,Open,High,Low,Close,Volume,Dividends,Stock Splits
2024-07-02 00:00:00+01:00,18.352500915527344,18.649389266967773,18.34760093688965,18.352500915527344,0,0.0,0.0
2024-07-03 00:00:00+01:00,18.589599609375,18.61932945251465,18.302600860595703,18.589599609375,0,0.0,0.0
2024-07-04 00:00:00+01:00,18.405500411987305,18.45240020751953,18.232900619506836,18.405500411987305,0,0.0,0.0
2024-07-05 00:00:00+01:00,18.256620407104492,18.308900833129883,18.158300399780273,18.256620407104492,0,0.0,0.0
2024-07-08 00:00:00+01:00,18.150510787963867,18.225200653076172,18.07037925720215,18.226900100708008,0,0.0,0.0
2024-07-09 00:00:00+01:00,18.088199615478516,18.212169647216797,18.063499450683594,18.088199615478516,0,0.0,0.0
2024-07-10 00:00:00+01:00,18.13990020751953,18.153610229492188,18.0398006439209,18.13990020751953,0,0.0,0.0
2024-07-11 00:00:00+01:00,18.097759246826172,18.129199981689453,17.93899917602539,18.097759246826172,0,0.0,0.0
2024-07-12 00:00:00+01:00,17.976499557495117,18.017900466918945,17.70989990234375,17.976499557495117,0,0.0,0.0
2024-07-15 00:00:00+01:00,17.957599639892578,18.27359962463379,17.933399200439453,17.985000610351562,0,0.0,0.0
2024-07-16 00:00:00+01:00,18.198299407958984,18.276649475097656,18.051599502563477,18.198299407958984,0,0.0,0.0
2024-07-17 00:00:00+01:00,18.02429962158203,18.25909996032715,18.01609992980957,18.02429962158203,0,0.0,0.0
2024-07-18 00:00:00+01:00,18.117799758911133,18.240299224853516,18.116899490356445,18.117799758911133,0,0.0,0.0
2024-07-19 00:00:00+01:00,18.2362003326416,18.367799758911133,18.23979949951172,18.2362003326416,0,0.0,0.0
2024-07-22 00:00:00+01:00,18.189899444580078,18.32349967956543,18.18939971923828,18.189899444580078,0,0.0,0.0
2024-07-23 00:00:00+01:00,18.234699249267578,18.473600387573242,18.215700149536133,18.234699249267578,0,0.0,0.0
2024-07-24 00:00:00+01:00,18.38949966430664,18.4281005859375,18.25830078125,18.38949966430664,0,0.0,0.0
2024-07-25 00:00:00+01:00,18.34830093383789,18.52440071105957,18.310100555419922,18.34830093383789,0,0.0,0.0
2024-07-26 00:00:00+01:00,18.343719482421875,18.35593032836914,18.217300415039062,18.343719482421875,0,0.0,0.0
2024-07-29 00:00:00+01:00,18.270599365234375,18.52120018005371,18.23590087890625,18.270599365234375,0,0.0,0.0
2024-07-30 00:00:00+01:00,18.3302001953125,18.46523094177246,18.28700065612793,18.3302001953125,0,0.0,0.0
2024-07-31 00:00:00+01:00,18.304779052734375,18.33340072631836,18.165700912475586,18.304779052734375,0,0.0,0.0
2024-08-01 00:00:00+01:00,18.195999145507812,18.269929885864258,18.104400634765625,18.195999145507812,0,0.0,0.0
2024-08-02 00:00:00+01:00,18.28219985961914,18.311500549316406,18.12700080871582,18.28219985961914,0,0.0,0.0
2024-08-05 00:00:00+01:00,18.34259033203125,18.673099517822266,18.270599365234375,18.34259033203125,0,0.0,0.0
2024-08-06 00:00:00+01:00,18.464399337768555,18.5841007232666,18.391799926757812,18.464399337768555,0,0.0,0.0
2024-08-07 00:00:00+01:00,18.487770080566406,18.49822998046875,18.27280044555664,18.487770080566406,0,0.0,0.0
2024-08-08 00:00:00+01:00,18.391340255737305,18.44207000732422,18.30229949951172,18.391340255737305,0,0.0,0.0
2024-08-09 00:00:00+01:00,18.341690063476562,18.37335968017578,18.266399383544922,18.341690063476562,0,0.0,0.0
2024-08-12 00:00:00+01:00,18.29450035095215,18.3104305267334,18.167999267578125,18.29450035095215,0,0.0,0.0
2024-08-13 00:00:00+01:00,18.242300033569336,18.260400772094727,18.114599227905273,18.242300033569336,0,0.0,0.0
2024-08-14 00:00:00+01:00,18.06909942626953,18.140399932861328,18.013700485229492,18.06909942626953,0,0.0,0.0
2024-08-15 00:00:00+01:00,18.04829978942871,18.09480094909668,17.971500396728516,18.04829978942871,0,0.0,0.0
2024-08-16 00:00:00+01:00,17.97170066833496,18.009790420532227,17.849000930786133,17.97170066833496,0,0.0,0.0
2024-08-19 00:00:00+01:00,17.84984016418457,17.880739212036133,17.699399948120117,17.84984016418457,0,0.0,0.0
2024-08-20 00:00:00+01:00,17.706899642944336,17.873600006103516,17.667699813842773,17.706899642944336,0,0.0,0.0
2024-08-21 00:00:00+01:00,17.79400062561035,17.94610023498535,17.749799728393555,17.79400062561035,0,0.0,0.0
2024-08-22 00:00:00+01:00,17.819700241088867,18.055299758911133,17.78660011291504,17.819700241088867,0,0.0,0.0
2024-08-23 00:00:00+01:00,18.003509521484375,18.012399673461914,17.69729995727539,18.003509521484375,0,0.0,0.0
2024-08-26 00:00:00+01:00,17.740299224853516,17.82939910888672,17.684499740600586,17.740299224853516,0,0.0,0.0
2024-08-27 00:00:00+01:00,17.696699142456055,17.802400588989258,17.675500869750977,17.696699142456055,0,0.0,0.0
2024-08-28 00:00:00+01:00,17.711790084838867,17.84320068359375,17.678499221801758,17.711790084838867,0,0.0,0.0
2024-08-29 00:00:00+01:00,17.82617950439453,17.82615089416504,17.662599563598633,17.82617950439453,0,0.0,0.0
2024-08-30 00:00:00+01:00,17.7273006439209,17.80190086364746,17.596099853515625,17.7273006439209,0,0.0,0.0
2024-09-02 00:00:00+01:00,17.83802032470703,17.928199768066406,17.795499801635742,17.821699142456055,0,0.0,0.0
2024-09-03 00:00:00+01:00,17.79490089416504,18.003000259399414,17.787500381469727,17.79490089416504,0,0.0,0.0
2024-09-04 00:00:00+01:00,17.938899993896484,18.020200729370117,17.801300048828125,17.938899993896484,0,0.0,0.0
2024-09-05 00:00:00+01:00,17.86823081970215,17.8794002532959,17.688400268554688,17.86823081970215,0,0.0,0.0
2024-09-06 00:00:00+01:00,17.692630767822266,17.877979278564453,17.61870002746582,17.692630767822266,0,0.0,0.0
2024-09-09 00:00:00+01:00,17.819599151611328,17.954599380493164,17.787099838256836,17.819599151611328,0,0.0,0.0
2024-09-10 00:00:00+01:00,17.863000869750977,17.959999084472656,17.810970306396484,17.863000869750977,0,0.0,0.0
2024-09-11 00:00:00+01:00,17.93720054626465,17.969999313354492,17.82900047302246,17.93720054626465,0,0.0,0.0
2024-09-12 00:00:00+01:00,17.89419937133789,18.011499404907227,17.83489990234375,17.89419937133789,0,0.0,0.0
2024-09-13 00:00:00+01:00,17.738800048828125,17.799800872802734,17.582199096679688,17.738800048828125,0,0.0,0.0
2024-09-16 00:00:00+01:00,17.72566032409668,17.733369827270508,17.624300003051758,17.72566032409668,0,0.0,0.0
2024-09-17 00:00:00+01:00,17.607999801635742,17.670549392700195,17.585800170898438,17.607999801635742,0,0.0,0.0
2024-09-18 00:00:00+01:00,17.57859992980957,17.595230102539062,17.477699279785156,17.57859992980957,0,0.0,0.0
2024-09-19 00:00:00+01:00,17.52829933166504,17.61178970336914,17.385799407958984,17.52829933166504,0,0.0,0.0
2024-09-20 00:00:00+01:00,17.500499725341797,17.591100692749023,17.449899673461914,17.500499725341797,0,0.0,0.0
2024-09-23 00:00:00+01:00,17.390649795532227,17.471200942993164,17.279300689697266,17.390649795532227,0,0.0,0.0
2024-09-24 00:00:00+01:00,17.324800491333008,17.36025047302246,17.24650001525879,17.324800491333008,0,0.0,0.0
2024-09-25 00:00:00+01:00,17.22949981689453,17.356399536132812,17.121000289916992,17.22949981689453,0,0.0,0.0
2024-09-26 00:00:00+01:00,17.264400482177734,17.31072998046875,17.129600524902344,17.264400482177734,0,0.0,0.0
2024-09-27 00:00:00+01:00,17.175500869750977,17.242290496826172,17.058700561523438,17.175500869750977,0,0.0,0.0
2024-09-30 00:00:00+01:00,17.087600708007812,17.27549934387207,17.028900146484375,17.087600708007812,0,0.0,0.0
2024-10-01 00:00:00+01:00,17.280550003051758,17.405799865722656,17.199899673461914,17.280550003051758,0,0.0,0.0
2024-10-02 00:00:00+01:00,17.403600692749023,17.460100173950195,17.300100326538086,17.403600692749023,0,0.0,0.0
2024-10-03 00:00:00+01:00,17.34280014038086,17.551300048828125,17.27680015563965,17.34280014038086,0,0.0,0.0
2024-10-04 00:00:00+01:00,17.48390007019043,17.596799850463867,17.417400360107422,17.48390007019043,0,0.0,0.0
2024-10-07 00:00:00+01:00,17.47330093383789,17.48525047302246,17.271099090576172,17.47330093383789,0,0.0,0.0
2024-10-08 00:00:00+01:00,17.37310028076172,17.595199584960938,17.34341049194336,17.37310028076172,0,0.0,0.0
2024-10-09 00:00:00+01:00,17.579059600830078,17.67300033569336,17.52079963684082,17.579059600830078,0,0.0,0.0
2024-10-10 00:00:00+01:00,17.639999389648438,17.65329933166504,17.512800216674805,17.639999389648438,0,0.0,0.0
2024-10-11 00:00:00+01:00,17.516359329223633,17.52018928527832,17.35919952392578,17.516359329223633,0,0.0,0.0
2024-10-14 00:00:00+01:00,17.458560943603516,17.588150024414062,17.398000717163086,17.458560943603516,0,0.0,0.0
2024-10-15 00:00:00+01:00,17.542600631713867,17.663299560546875,17.522499084472656,17.542600631713867,0,0.0,0.0
2024-10-16 00:00:00+01:00,17.642200469970703,17.66006088256836,17.537900924682617,17.642200469970703,0,0.0,0.0
2024-10-17 00:00:00+01:00,17.633399963378906,17.78813934326172,17.588899612426758,17.633399963378906,0,0.0,0.0
2024-10-18 00:00:00+01:00,17.64590072631836,17.680299758911133,17.53059959411621,17.64590072631836,0,0.0,0.0
2024-10-21 00:00:00+01:00,17.579200744628906,17.657699584960938,17.56290054321289,17.579200744628906,0,0.0,0.0
2024-10-22 00:00:00+01:00,17.599700927734375,17.628999710083008,17.496400833129883,17.599700927734375,0,0.0,0.0
2024-10-23 00:00:00+01:00,17.523799896240234,17.866600036621094,17.47909927368164,17.523799896240234,0,0.0,0.0
2024-10-24 00:00:00+01:00,17.776199340820312,17.815099716186523,17.63409996032715,17.776199340820312,0,0.0,0.0
2024-10-25 00:00:00+01:00,17.654399871826172,17.710899353027344,17.58462905883789,17.654399871826172,0,0.0,0.0
2024-10-28 00:00:00+00:00,17.65553092956543,17.765199661254883,17.614599227905273,17.65553092956543,0,0.0,0.0
2024-10-29 00:00:00+00:00,17.69202995300293,17.7460994720459,17.642099380493164,17.69202995300293,0,0.0,0.0
2024-10-30 00:00:00+00:00,17.648000717163086,17.75589942932129,17.53700065612793,17.648000717163086,0,0.0,0.0
2024-10-31 00:00:00+00:00,17.64529037475586,17.75779914855957,17.61461067199707,17.64529037475586,0,0.0,0.0
2024-11-01 00:00:00+00:00,17.595699310302734,17.66710090637207,17.519100189208984,17.595699310302734,0,0.0,0.0
2024-11-04 00:00:00+00:00,17.56399917602539,17.57762908935547,17.488399505615234,17.56399917602539,0,0.0,0.0
2024-11-05 00:00:00+00:00,17.43000030517578,17.447429656982422,17.406600952148438,17.502399444580078,0,0.0,0.0
2024-11-06 00:00:00+00:00,17.369699478149414,17.813129425048828,17.356199264526367,17.369699478149414,0,0.0,0.0
2024-11-07 00:00:00+00:00,17.665700912475586,17.687599182128906,17.271900177001953,17.665700912475586,0,0.0,0.0
2024-11-08 00:00:00+00:00,17.282550811767578,17.584800720214844,17.284420013427734,17.282550811767578,0,0.0,0.0
2024-11-11 00:00:00+00:00,17.613649368286133,17.988100051879883,17.547000885009766,17.613649368286133,0,0.0,0.0
2024-11-12 00:00:00+00:00,17.90839958190918,18.172800064086914,17.847700119018555,17.90839958190918,0,0.0,0.0
2024-11-13 00:00:00+00:00,18.10110092163086,18.24959945678711,17.932899475097656,18.10110092163086,0,0.0,0.0
2024-11-14 00:00:00+00:00,18.225299835205078,18.38949966430664,18.163700103759766,18.225299835205078,0,0.0,0.0
2024-11-15 00:00:00+00:00,14.860369682312012,18.306100845336914,14.860369682312012,14.860369682312012,0,0.0,0.0
2024-11-18 00:00:00+00:00,18.175100326538086,18.218399047851562,17.959199905395508,18.166549682617188,0,0.0,0.0
2024-11-19 00:00:00+00:00,17.938100814819336,18.162200927734375,17.889259338378906,17.938100814819336,0,0.0,0.0
2024-11-20 00:00:00+00:00,18.026399612426758,18.17639923095703,18.0137996673584,18.026399612426758,0,0.0,0.0
2024-11-21 00:00:00+00:00,18.10890007019043,18.179000854492188,17.97260093688965,18.10890007019043,0,0.0,0.0
2024-11-22 00:00:00+00:00,18.097299575805664,18.13629913330078,18.012699127197266,18.097299575805664,0,0.0,0.0
2024-11-25 00:00:00+00:00,17.997129440307617,18.112289428710938,17.983739852905273,17.997129440307617,0,0.0,0.0
2024-11-26 00:00:00+00:00,17.984699249267578,18.224000930786133,18.052499771118164,17.984699249267578,0,0.0,0.0
2024-11-27 00:00:00+00:00,18.179899215698242,18.233699798583984,18.067899703979492,18.179899215698242,0,0.0,0.0
2024-11-28 00:00:00+00:00,18.171199798583984,18.2637996673584,18.08300018310547,18.171199798583984,0,0.0,0.0
2024-11-29 00:00:00+00:00,18.080699920654297,18.096500396728516,18.015199661254883,18.080699920654297,0,0.0,0.0
2024-12-02 00:00:00+00:00,18.10009002685547,18.236900329589844,18.082399368286133,18.091520309448242,0,0.0,0.0
2024-12-03 00:00:00+00:00,18.128400802612305,18.18939971923828,18.051300048828125,18.128400802612305,0,0.0,0.0
2024-12-04 00:00:00+00:00,18.09830093383789,18.18440055847168,18.078899383544922,18.09830093383789,0,0.0,0.0
2024-12-05 00:00:00+00:00,18.15488052368164,18.17569923400879,18.006999969482422,18.15488052368164,0,0.0,0.0
2024-12-06 00:00:00+00:00,18.008699417114258,18.06859016418457,17.95224952697754,18.008699417114258,0,0.0,0.0
2024-12-09 00:00:00+00:00,18.002099990844727,18.05120086669922,17.732799530029297,18.002099990844727,0,0.0,0.0
2024-12-10 00:00:00+00:00,17.774030685424805,17.90049934387207,17.7677001953125,17.774030685424805,0,0.0,0.0
2024-12-11 00:00:00+00:00,17.801300048828125,17.896089553833008,17.673799514770508,17.801300048828125,0,0.0,0.0
2024-12-12 00:00:00+00:00,17.686100006103516,17.801000595092773,17.61240005493164,17.686100006103516,0,0.0,0.0
2024-12-13 00:00:00+00:00,17.77440071105957,17.941659927368164,17.762399673461914,17.77440071105957,0,0.0,0.0
2024-12-16 00:00:00+00:00,17.822280883789062,17.92020034790039,17.819799423217773,17.822280883789062,0,0.0,0.0
2024-12-17 00:00:00+00:00,17.837099075317383,18.165700912475586,17.823299407958984,17.837099075317383,0,0.0,0.0
2024-12-18 00:00:00+00:00,18.079700469970703,18.100780487060547,18.014699935913086,18.079700469970703,0,0.0,0.0
2024-12-19 00:00:00+00:00,18.32200050354004,18.427200317382812,18.213300704956055,18.32200050354004,0,0.0,0.0
2024-12-20 00:00:00+00:00,18.391599655151367,18.428300857543945,18.282569885253906,18.391599655151367,0,0.0,0.0
2024-12-23 00:00:00+00:00,18.271150588989258,18.604799270629883,18.25950050354004,18.271150588989258,0,0.0,0.0
2024-12-24 00:00:00+00:00,18.535310745239258,18.7052001953125,18.498199462890625,18.535310745239258,0,0.0,0.0
2024-12-25 00:00:00+00:00,18.678489685058594,18.810569763183594,17.64780044555664,18.678489685058594,0,0.0,0.0
2024-12-26 00:00:00+00:00,18.688199996948242,18.887500762939453,18.42639923095703,18.688199996948242,0,0.0,0.0
2024-12-27 00:00:00+00:00,18.835800170898438,18.867000579833984,18.61210060119629,18.835800170898438,0,0.0,0.0
2024-12-30 00:00:00+00:00,18.654499053955078,18.821199417114258,18.618799209594727,18.654499053955078,0,0.0,0.0
2024-12-31 00:00:00+00:00,18.76490020751953,18.89897918701172,18.69610023498535,18.76490020751953,0,0.0,0.0
2025-01-02 00:00:00+00:00,18.80929946899414,18.864900588989258,18.659799575805664,18.82015037536621,0,0.0,0.0
2025-01-03 00:00:00+00:00,18.739599227905273,18.811800003051758,18.672399520874023,18.739599227905273,0,0.0,0.0
2025-01-06 00:00:00+00:00,18.75200080871582,18.77669906616211,18.432729721069336,18.75200080871582,0,0.0,0.0
2025-01-07 00:00:00+00:00,18.54509925842285,18.69300079345703,18.50550079345703,18.54509925842285,0,0.0,0.0
2025-01-08 00:00:00+00:00,18.683300018310547,18.955400466918945,18.6653995513916,18.683300018310547,0,0.0,0.0
2025-01-09 00:00:00+00:00,18.90591049194336,18.98699951171875,18.82430076599121,18.90591049194336,0,0.0,0.0
2025-01-10 00:00:00+00:00,18.935609817504883,19.1924991607666,18.904199600219727,18.935609817504883,0,0.0,0.0
2025-01-13 00:00:00+00:00,19.090150833129883,19.22226905822754,19.052799224853516,19.090150833129883,0,0.0,0.0
2025-01-14 00:00:00+00:00,18.98550033569336,18.99959945678711,18.823999404907227,18.98550033569336,0,0.0,0.0
2025-01-15 00:00:00+00:00,16.498899459838867,18.943099975585938,16.498899459838867,16.498899459838867,0,0.0,0.0
2025-01-16 00:00:00+00:00,18.756999969482422,18.891799926757812,18.73040008544922,18.756999969482422,0,0.0,0.0
2025-01-17 00:00:00+00:00,15.43019962310791,18.831600189208984,15.43019962310791,15.43019962310791,0,0.0,0.0
2025-01-20 00:00:00+00:00,18.70949935913086,18.77457046508789,18.52065086364746,18.731700897216797,0,0.0,0.0
2025-01-21 00:00:00+00:00,18.495670318603516,18.680099487304688,18.468399047851562,18.495670318603516,0,0.0,0.0
2025-01-22 00:00:00+00:00,18.47960090637207,18.56903076171875,18.438199996948242,18.47960090637207,0,0.0,0.0
2025-01-23 00:00:00+00:00,18.493900299072266,18.59610939025879,18.46870994567871,18.493900299072266,0,0.0,0.0
2025-01-24 00:00:00+00:00,18.504539489746094,18.518159866333008,18.289600372314453,18.504539489746094,0,0.0,0.0
2025-01-27 00:00:00+00:00,18.479080200195312,18.74612045288086,18.475770950317383,18.479080200195312,0,0.0,0.0
2025-01-28 00:00:00+00:00,18.741500854492188,18.86083984375,18.640600204467773,18.741500854492188,0,0.0,0.0
2025-01-29 00:00:00+00:00,18.65959930419922,18.71817970275879,18.566909790039062,18.65959930419922,0,0.0,0.0
2025-01-30 00:00:00+00:00,18.518299102783203,18.56283950805664,18.41469955444336,18.518299102783203,0,0.0,0.0
2025-01-31 00:00:00+00:00,18.56730079650879,18.68844985961914,18.50309944152832,18.56730079650879,0,0.0,0.0
2025-02-03 00:00:00+00:00,18.99449920654297,19.03059959411621,18.682100296020508,18.99449920654297,0,0.0,0.0
2025-02-04 00:00:00+00:00,18.733409881591797,18.82430076599121,18.62689971923828,18.733409881591797,0,0.0,0.0
2025-02-05 00:00:00+00:00,18.65938949584961,18.7081298828125,18.516300201416016,18.65938949584961,0,0.0,0.0
2025-02-06 00:00:00+00:00,18.532800674438477,18.680299758911133,18.47170066833496,18.532800674438477,0,0.0,0.0
2025-02-07 00:00:00+00:00,18.43779945373535,18.490400314331055,18.32390022277832,18.43779945373535,0,0.0,0.0
2025-02-10 00:00:00+00:00,18.525070190429688,18.540470123291016,18.351999282836914,18.525070190429688,0,0.0,0.0
2025-02-11 00:00:00+00:00,18.419830322265625,18.50790023803711,18.41659927368164,18.419830322265625,0,0.0,0.0
2025-02-12 00:00:00+00:00,18.497589111328125,18.56100082397461,18.4153995513916,18.497589111328125,0,0.0,0.0
2025-02-13 00:00:00+00:00,18.511869430541992,18.601600646972656,18.443500518798828,18.511869430541992,0,0.0,0.0
2025-02-14 00:00:00+00:00,18.481199264526367,18.494380950927734,18.290800094604492,18.481199264526367,0,0.0,0.0
2025-02-17 00:00:00+00:00,18.34600067138672,18.45800018310547,18.2987003326416,18.34600067138672,0,0.0,0.0
2025-02-18 00:00:00+00:00,18.406410217285156,18.481199264526367,18.350000381469727,18.406410217285156,0,0.0,0.0
2025-02-19 00:00:00+00:00,18.395200729370117,18.588600158691406,18.321800231933594,18.395200729370117,0,0.0,0.0
2025-02-20 00:00:00+00:00,18.510400772094727,18.555299758911133,18.344600677490234,18.510400772094727,0,0.0,0.0
2025-02-21 00:00:00+00:00,18.319000244140625,18.393199920654297,18.295700073242188,18.319000244140625,0,0.0,0.0
2025-02-24 00:00:00+00:00,18.36716079711914,18.429000854492188,18.28860092163086,18.36716079711914,0,0.0,0.0
2025-02-25 00:00:00+00:00,18.361499786376953,18.44059944152832,18.328399658203125,18.361499786376953,0,0.0,0.0
2025-02-26 00:00:00+00:00,18.410999298095703,18.446800231933594,18.363100051879883,18.410999298095703,0,0.0,0.0
2025-02-27 00:00:00+00:00,18.366249084472656,18.4955997467041,18.38623046875,18.366249084472656,0,0.0,0.0
2025-02-28 00:00:00+00:00,18.42913055419922,18.60449981689453,18.429000854492188,18.42913055419922,0,0.0,0.0
2025-03-03 00:00:00+00:00,18.638320922851562,18.702999114990234,18.55820083618164,18.638320922851562,0,0.0,0.0
2025-03-04 00:00:00+00:00,18.603500366210938,18.65239906311035,18.49839973449707,18.603500366210938,0,0.0,0.0
2025-03-05 00:00:00+00:00,18.470399856567383,18.521900177001953,18.34910011291504,18.470399856567383,0,0.0,0.0
2025-03-06 00:00:00+00:00,18.295799255371094,18.37310028076172,18.112300872802734,18.295799255371094,0,0.0,0.0
2025-03-07 00:00:00+00:00,18.12347984313965,18.32349967956543,18.038999557495117,18.12347984313965,0,0.0,0.0
2025-03-10 00:00:00+00:00,18.258329391479492,18.345500946044922,18.21380043029785,18.258329391479492,0,0.0,0.0
2025-03-11 00:00:00+00:00,18.31909942626953,18.36840057373047,18.1830997467041,18.32900047302246,0,0.0,0.0
2025-03-12 00:00:00+00:00,18.194690704345703,18.43199920654297,18.192970275878906,18.194690704345703,0,0.0,0.0
2025-03-13 00:00:00+00:00,18.334199905395508,18.433399200439453,18.29829978942871,18.334199905395508,0,0.0,0.0
2025-03-14 00:00:00+00:00,18.27400016784668,18.326799392700195,18.140199661254883,18.27400016784668,0,0.0,0.0
2025-03-17 00:00:00+00:00,18.19611930847168,18.230730056762695,18.07390022277832,18.19611930847168,0,0.0,0.0
2025-03-18 00:00:00+00:00,18.075090408325195,18.153579711914062,17.996700286865234,18.075090408325195,0,0.0,0.0
2025-03-19 00:00:00+00:00,18.105690002441406,18.274959564208984,18.100799560546875,18.105690002441406,0,0.0,0.0
2025-03-20 00:00:00+00:00,18.09950065612793,18.241100311279297,18.074399948120117,18.09950065612793,0,0.0,0.0
2025-03-21 00:00:00+00:00,18.137500762939453,18.239099502563477,18.11720085144043,18.15290069580078,0,0.0,0.0
2025-03-24 00:00:00+00:00,18.20587921142578,18.234840393066406,18.09760093688965,18.20587921142578,0,0.0,0.0
2025-03-25 00:00:00+00:00,18.243070602416992,18.27737045288086,18.133800506591797,18.243070602416992,0,0.0,0.0
2025-03-26 00:00:00+00:00,18.270610809326172,18.288700103759766,18.203699111938477,18.270610809326172,0,0.0,0.0
2025-03-27 00:00:00+00:00,18.26959991455078,18.336599349975586,18.176799774169922,18.26959991455078,0,0.0,0.0
2025-03-28 00:00:00+00:00,18.205350875854492,18.42530059814453,18.12179946899414,18.205350875854492,0,0.0,0.0
2025-03-31 00:00:00+01:00,18.41119956970215,18.431900024414062,18.222000122070312,18.41119956970215,0,0.0,0.0
2025-04-01 00:00:00+01:00,18.30838966369629,18.42620086669922,18.254499435424805,18.30838966369629,0,0.0,0.0
2025-04-02 00:00:00+01:00,18.477970123291016,18.767250061035156,18.453899383544922,18.477970123291016,0,0.0,0.0
2025-04-03 00:00:00+01:00,18.94409942626953,19.007299423217773,18.69223976135254,18.94409942626953,0,0.0,0.0
2025-04-04 00:00:00+01:00,18.739099502563477,19.11478042602539,18.706899642944336,18.739099502563477,0,0.0,0.0
2025-04-07 00:00:00+01:00,19.27482032775879,19.61720085144043,19.153400421142578,19.27482032775879,0,0.0,0.0
2025-04-08 00:00:00+01:00,19.55769920349121,19.624000549316406,19.320999145507812,19.55769920349121,0,0.0,0.0
2025-04-09 00:00:00+01:00,19.75782012939453,19.928499221801758,19.617399215698242,19.75782012939453,0,0.0,0.0
2025-04-10 00:00:00+01:00,19.412220001220703,19.537700653076172,19.230899810791016,19.412220001220703,0,0.0,0.0
2025-04-11 00:00:00+01:00,19.48649024963379,19.499359130859375,19.101999282836914,19.48649024963379,0,0.0,0.0
2025-04-14 00:00:00+01:00,19.118560791015625,19.10780906677246,18.818199157714844,19.118560791015625,0,0.0,0.0
2025-04-15 00:00:00+01:00,18.871400833129883,19.043500900268555,18.743499755859375,18.871400833129883,0,0.0,0.0
2025-04-16 00:00:00+01:00,19.026330947875977,19.065969467163086,18.793699264526367,19.026330947875977,0,0.0,0.0
2025-04-17 00:00:00+01:00,18.780250549316406,18.889699935913086,18.759300231933594,18.780250549316406,0,0.0,0.0
2025-04-22 00:00:00+01:00,18.697460174560547,18.72481918334961,18.56369972229004,18.697460174560547,0,0.0,0.0
2025-04-23 00:00:00+01:00,18.607519149780273,18.653600692749023,18.49370002746582,18.607519149780273,0,0.0,0.0
2025-04-24 00:00:00+01:00,18.659400939941406,18.813400268554688,18.56053924560547,18.659400939941406,0,0.0,0.0
2025-04-25 00:00:00+01:00,18.749309539794922,18.911720275878906,18.70854949951172,18.749309539794922,0,0.0,0.0
2025-04-28 00:00:00+01:00,18.6824893951416,18.746400833129883,18.517349243164062,18.6824893951416,0,0.0,0.0
2025-04-29 00:00:00+01:00,18.49449920654297,18.585710525512695,18.462600708007812,18.49449920654297,0,0.0,0.0
2025-04-30 00:00:00+01:00,18.513200759887695,18.654399871826172,18.501089096069336,18.513200759887695,0,0.0,0.0
2025-05-01 00:00:00+01:00,18.53898048400879,18.70400047302246,18.5718994140625,18.53898048400879,0,0.0,0.0
2025-05-02 00:00:00+01:00,18.540700912475586,18.55215072631836,18.342899322509766,18.540700912475586,0,0.0,0.0
2025-05-05 00:00:00+01:00,18.40369987487793,18.42013931274414,18.23110008239746,18.40369987487793,0,0.0,0.0
2025-05-06 00:00:00+01:00,18.259660720825195,18.297199249267578,18.173500061035156,18.259660720825195,0,0.0,0.0
2025-05-07 00:00:00+01:00,18.19230079650879,18.33799934387207,18.165000915527344,18.19230079650879,0,0.0,0.0
2025-05-08 00:00:00+01:00,18.25079917907715,18.326740264892578,18.07979965209961,18.25079917907715,0,0.0,0.0
2025-05-09 00:00:00+01:00,18.2106990814209,18.292800903320312,18.153499603271484,18.2106990814209,0,0.0,0.0
2025-05-12 00:00:00+01:00,18.201749801635742,18.339799880981445,18.084449768066406,18.201749801635742,0,0.0,0.0
2025-05-13 00:00:00+01:00,18.24401092529297,18.466049194335938,18.211200714111328,18.24401092529297,0,0.0,0.0
2025-05-14 00:00:00+01:00,18.297489166259766,18.323640823364258,18.182899475097656,18.297489166259766,0,0.0,0.0
2025-05-15 00:00:00+01:00,18.215930938720703,18.27989959716797,18.013500213623047,18.215930938720703,0,0.0,0.0
2025-05-16 00:00:00+01:00,17.99720001220703,18.13599967956543,17.984800338745117,17.99720001220703,0,0.0,0.0
2025-05-19 00:00:00+01:00,18.04216957092285,18.09040069580078,17.972900390625,18.04216957092285,0,0.0,0.0
2025-05-20 00:00:00+01:00,18.0698299407959,18.112600326538086,17.91710090637207,18.0698299407959,0,0.0,0.0
2025-05-21 00:00:00+01:00,17.92137908935547,17.972200393676758,17.849899291992188,17.92137908935547,0,0.0,0.0
2025-05-22 00:00:00+01:00,17.97150993347168,18.062599182128906,17.918800354003906,17.97150993347168,0,0.0,0.0
2025-05-23 00:00:00+01:00,18.005889892578125,18.011280059814453,17.846500396728516,18.005889892578125,0,0.0,0.0
2025-05-26 00:00:00+01:00,17.811899185180664,17.88559913635254,17.78499984741211,17.811899185180664,0,0.0,0.0
2025-05-27 00:00:00+01:00,17.830799102783203,17.93939971923828,17.829299926757812,17.830799102783203,0,0.0,0.0
2025-05-28 00:00:00+01:00,17.946870803833008,18.009599685668945,17.854700088500977,17.946870803833008,0,0.0,0.0
2025-05-29 00:00:00+01:00,17.964099884033203,17.973600387573242,17.7460994720459,17.964099884033203,0,0.0,0.0
2025-05-30 00:00:00+01:00,17.782249450683594,18.064599990844727,17.760499954223633,17.782249450683594,0,0.0,0.0
2025-06-02 00:00:00+01:00,17.967790603637695,17.980989456176758,17.849199295043945,17.967790603637695,0,0.0,0.0
2025-06-03 00:00:00+01:00,17.830699920654297,17.93630027770996,17.80190086364746,17.830699920654297,0,0.0,0.0
2025-06-04 00:00:00+01:00,17.84756088256836,17.887699127197266,17.756500244140625,17.84756088256836,0,0.0,0.0
2025-06-05 00:00:00+01:00,17.808429718017578,17.856700897216797,17.679500579833984,17.808429718017578,0,0.0,0.0
2025-06-06 00:00:00+01:00,17.704139709472656,17.79669952392578,17.693300247192383,17.704139709472656,0,0.0,0.0
2025-06-09 00:00:00+01:00,17.766019821166992,17.79383087158203,17.680700302124023,17.766019821166992,0,0.0,0.0
2025-06-10 00:00:00+01:00,17.70840072631836,17.795000076293945,17.657400131225586,17.70840072631836,0,0.0,0.0
2025-06-11 00:00:00+01:00,17.68400001525879,17.792699813842773,17.663799285888672,17.68400001525879,0,0.0,0.0
2025-06-12 00:00:00+01:00,17.68670082092285,17.91670036315918,17.671499252319336,17.68670082092285,0,0.0,0.0
2025-06-13 00:00:00+01:00,17.7549991607666,18.060800552368164,17.744199752807617,17.7549991607666,0,0.0,0.0
2025-06-16 00:00:00+01:00,17.931970596313477,17.967649459838867,17.71739959716797,17.931970596313477,0,0.0,0.0
2025-06-17 00:00:00+01:00,17.815589904785156,17.9685001373291,17.793500900268555,17.815589904785156,0,0.0,0.0
2025-06-18 00:00:00+01:00,17.983699798583984,18.137699127197266,17.920299530029297,17.983699798583984,0,0.0,0.0
2025-06-19 00:00:00+01:00,18.018999099731445,18.145280838012695,17.997499465942383,18.018999099731445,0,0.0,0.0
2025-06-20 00:00:00+01:00,17.99456024169922,18.065500259399414,17.945600509643555,17.99456024169922,0,0.0,0.0
2025-06-23 00:00:00+01:00,18.0580997467041,18.14259910583496,17.956899642944336,18.061199188232422,0,0.0,0.0
2025-06-24 00:00:00+01:00,17.814800262451172,17.831310272216797,17.666099548339844,17.814800262451172,0,0.0,0.0
2025-06-25 00:00:00+01:00,17.721599578857422,17.843299865722656,17.677709579467773,17.721599578857422,0,0.0,0.0
2025-06-26 00:00:00+01:00,17.7007999420166,17.817699432373047,17.56559944152832,17.7007999420166,0,0.0,0.0
2025-06-27 00:00:00+01:00,17.860599517822266,17.930500030517578,17.71780014038086,17.860599517822266,0,0.0,0.0
2025-06-30 00:00:00+01:00,17.77079963684082,17.818099975585938,17.686500549316406,17.77079963684082,0,0.0,0.0
2025-07-01 00:00:00+01:00,17.705299377441406,17.70922088623047,17.558000564575195,17.705299377441406,0,0.0,0.0
2025-07-02 00:00:00+01:00,17.560800552368164,17.710399627685547,17.551000595092773,17.62912940979004,0,0.0,0.0
