,Date,Open,High,Low,Close,Volume,Dividends,Stock Splits
0,2025-06-26 00:00:00+01:00,17.764999389648438,17.78860092163086,17.712499618530273,17.717500686645508,0,0.0,0.0
1,2025-06-26 00:15:00+01:00,17.718669891357422,17.722299575805664,17.709999084472656,17.718399047851562,0,0.0,0.0
2,2025-06-26 00:30:00+01:00,17.71809959411621,17.71980094909668,17.69879913330078,17.70985984802246,0,0.0,0.0
3,2025-06-26 00:45:00+01:00,17.7096004486084,17.710599899291992,17.6924991607666,17.706199645996094,0,0.0,0.0
4,2025-06-26 01:00:00+01:00,17.708860397338867,17.720849990844727,17.6924991607666,17.70669937133789,0,0.0,0.0
5,2025-06-26 01:15:00+01:00,17.706600189208984,17.71190071105957,17.6924991607666,17.705459594726562,0,0.0,0.0
6,2025-06-26 01:30:00+01:00,17.705459594726562,17.708999633789062,17.691299438476562,17.701200485229492,0,0.0,0.0
7,2025-06-26 01:45:00+01:00,17.702550888061523,17.707670211791992,17.6924991607666,17.703800201416016,0,0.0,0.0
8,2025-06-26 02:00:00+01:00,17.703800201416016,17.725919723510742,17.6924991607666,17.712499618530273,0,0.0,0.0
9,2025-06-26 02:15:00+01:00,17.712299346923828,17.724199295043945,17.702499389648438,17.717199325561523,0,0.0,0.0
10,2025-06-26 02:30:00+01:00,17.717199325561523,17.724319458007812,17.703800201416016,17.71470069885254,0,0.0,0.0
11,2025-06-26 02:45:00+01:00,17.71500015258789,17.718870162963867,17.691299438476562,17.703399658203125,0,0.0,0.0
12,2025-06-26 03:00:00+01:00,17.706220626831055,17.708099365234375,17.691299438476562,17.699199676513672,0,0.0,0.0
13,2025-06-26 03:15:00+01:00,17.698299407958984,17.705989837646484,17.688800811767578,17.700599670410156,0,0.0,0.0
14,2025-06-26 03:30:00+01:00,17.70037078857422,17.705459594726562,17.677499771118164,17.691110610961914,0,0.0,0.0
15,2025-06-26 03:45:00+01:00,17.690200805664062,17.69696044921875,17.678800582885742,17.689659118652344,0,0.0,0.0
16,2025-06-26 04:00:00+01:00,17.688669204711914,17.690780639648438,17.661300659179688,17.684900283813477,0,0.0,0.0
17,2025-06-26 04:15:00+01:00,17.68372917175293,17.687789916992188,17.662500381469727,17.674800872802734,0,0.0,0.0
18,2025-06-26 04:30:00+01:00,17.67840003967285,17.688430786132812,17.66629981994629,17.674699783325195,0,0.0,0.0
19,2025-06-26 04:45:00+01:00,17.67639923095703,17.681060791015625,17.65880012512207,17.67180061340332,0,0.0,0.0
20,2025-06-26 05:00:00+01:00,17.672100067138672,17.700719833374023,17.65999984741211,17.697099685668945,0,0.0,0.0
21,2025-06-26 05:15:00+01:00,17.69795036315918,17.7020206451416,17.676300048828125,17.689699172973633,0,0.0,0.0
22,2025-06-26 05:30:00+01:00,17.68985939025879,17.69969940185547,17.676300048828125,17.696369171142578,0,0.0,0.0
23,2025-06-26 05:45:00+01:00,17.696569442749023,17.703359603881836,17.68630027770996,17.6875,0,0.0,0.0
24,2025-06-26 06:00:00+01:00,17.696369171142578,17.715469360351562,17.68630027770996,17.701499938964844,0,0.0,0.0
25,2025-06-26 06:15:00+01:00,17.701499938964844,17.7055606842041,17.677499771118164,17.68899917602539,0,0.0,0.0
26,2025-06-26 06:30:00+01:00,17.687530517578125,17.695310592651367,17.677499771118164,17.69145965576172,0,0.0,0.0
27,2025-06-26 06:45:00+01:00,17.689899444580078,17.702899932861328,17.68000030517578,17.69420051574707,0,0.0,0.0
28,2025-06-26 07:00:00+01:00,17.694950103759766,17.718490600585938,17.681299209594727,17.701019287109375,0,0.0,0.0
29,2025-06-26 07:15:00+01:00,17.701000213623047,17.712600708007812,17.688800811767578,17.70764923095703,0,0.0,0.0
30,2025-06-26 07:30:00+01:00,17.682300567626953,17.687259674072266,17.65999984741211,17.67300033569336,0,0.0,0.0
31,2025-06-26 07:45:00+01:00,17.673500061035156,17.674549102783203,17.625,17.64893913269043,0,0.0,0.0
32,2025-06-26 08:00:00+01:00,17.64876937866211,17.649499893188477,17.607500076293945,17.625940322875977,0,0.0,0.0
33,2025-06-26 08:15:00+01:00,17.62425994873047,17.632200241088867,17.586299896240234,17.626100540161133,0,0.0,0.0
34,2025-06-26 08:30:00+01:00,17.628509521484375,17.649200439453125,17.611299514770508,17.641199111938477,0,0.0,0.0
35,2025-06-26 08:45:00+01:00,17.6430606842041,17.645530700683594,17.608800888061523,17.62820053100586,0,0.0,0.0
36,2025-06-26 09:00:00+01:00,17.62965965270996,17.634809494018555,17.583799362182617,17.597000122070312,0,0.0,0.0
37,2025-06-26 09:15:00+01:00,17.597000122070312,17.60099983215332,17.57379913330078,17.59119987487793,0,0.0,0.0
38,2025-06-26 09:30:00+01:00,17.59355926513672,17.59408950805664,17.565000534057617,17.58099937438965,0,0.0,0.0
39,2025-06-26 09:45:00+01:00,17.58209991455078,17.600500106811523,17.56999969482422,17.596660614013672,0,0.0,0.0
40,2025-06-26 10:00:00+01:00,17.6031494140625,17.707429885864258,17.59000015258789,17.68762969970703,0,0.0,0.0
41,2025-06-26 10:15:00+01:00,17.688499450683594,17.707000732421875,17.647499084472656,17.69809913635254,0,0.0,0.0
42,2025-06-26 10:30:00+01:00,17.692399978637695,17.696500778198242,17.639299392700195,17.680999755859375,0,0.0,0.0
43,2025-06-26 10:45:00+01:00,17.679180145263672,17.681400299072266,17.65060043334961,17.66200065612793,0,0.0,0.0
44,2025-06-26 11:00:00+01:00,17.661399841308594,17.668659210205078,17.63129997253418,17.64299964904785,0,0.0,0.0
45,2025-06-26 11:15:00+01:00,17.63694953918457,17.64866065979004,17.614999771118164,17.641000747680664,0,0.0,0.0
46,2025-06-26 11:30:00+01:00,17.640350341796875,17.659299850463867,17.625,17.652299880981445,0,0.0,0.0
47,2025-06-26 11:45:00+01:00,17.65519905090332,17.6737003326416,17.651599884033203,17.669109344482422,0,0.0,0.0
48,2025-06-26 12:00:00+01:00,17.666200637817383,17.74410057067871,17.666200637817383,17.741500854492188,0,0.0,0.0
49,2025-06-26 12:15:00+01:00,17.739599227905273,17.77001953125,17.732500076293945,17.76729965209961,0,0.0,0.0
50,2025-06-26 12:30:00+01:00,17.75819969177246,17.81089973449707,17.736299514770508,17.80699920654297,0,0.0,0.0
51,2025-06-26 12:45:00+01:00,17.808509826660156,17.82110023498535,17.771299362182617,17.783199310302734,0,0.0,0.0
52,2025-06-26 13:00:00+01:00,17.783409118652344,17.804059982299805,17.768800735473633,17.780099868774414,0,0.0,0.0
53,2025-06-26 13:15:00+01:00,17.78019905090332,17.783700942993164,17.741300582885742,17.752750396728516,0,0.0,0.0
54,2025-06-26 13:30:00+01:00,17.753110885620117,17.77039909362793,17.718799591064453,17.73307991027832,0,0.0,0.0
55,2025-06-26 13:45:00+01:00,17.724660873413086,17.738300323486328,17.691299438476562,17.72209930419922,0,0.0,0.0
56,2025-06-26 14:00:00+01:00,17.712160110473633,17.73880958557129,17.700000762939453,17.722349166870117,0,0.0,0.0
57,2025-06-26 14:15:00+01:00,17.719900131225586,17.745250701904297,17.7012996673584,17.718860626220703,0,0.0,0.0
58,2025-06-26 14:30:00+01:00,17.71854019165039,17.8033504486084,17.697500228881836,17.720659255981445,0,0.0,0.0
59,2025-06-26 14:45:00+01:00,17.72064971923828,17.74329948425293,17.700000762939453,17.71489906311035,0,0.0,0.0
60,2025-06-26 15:00:00+01:00,17.712379455566406,17.734050750732422,17.703800201416016,17.719600677490234,0,0.0,0.0
61,2025-06-26 15:15:00+01:00,17.72052001953125,17.739660263061523,17.706300735473633,17.736270904541016,0,0.0,0.0
62,2025-06-26 15:30:00+01:00,17.737510681152344,17.7544002532959,17.72130012512207,17.741540908813477,0,0.0,0.0
63,2025-06-26 15:45:00+01:00,17.741470336914062,17.77750015258789,17.72879981994629,17.768659591674805,0,0.0,0.0
64,2025-06-26 16:00:00+01:00,17.76885986328125,17.802400588989258,17.74880027770996,17.79360008239746,0,0.0,0.0
65,2025-06-26 16:15:00+01:00,17.793500900268555,17.797000885009766,17.758800506591797,17.782320022583008,0,0.0,0.0
66,2025-06-26 16:30:00+01:00,17.782819747924805,17.80462074279785,17.770000457763672,17.799400329589844,0,0.0,0.0
67,2025-06-26 16:45:00+01:00,17.802570343017578,17.804710388183594,17.782499313354492,17.792299270629883,0,0.0,0.0
68,2025-06-26 17:00:00+01:00,17.795440673828125,17.79789924621582,17.758800506591797,17.781919479370117,0,0.0,0.0
69,2025-06-26 17:15:00+01:00,17.780000686645508,17.800519943237305,17.7637996673584,17.775739669799805,0,0.0,0.0
70,2025-06-26 17:30:00+01:00,17.778060913085938,17.781099319458008,17.760000228881836,17.769100189208984,0,0.0,0.0
71,2025-06-26 17:45:00+01:00,17.770729064941406,17.797260284423828,17.760000228881836,17.789709091186523,0,0.0,0.0
72,2025-06-26 18:00:00+01:00,17.790159225463867,17.795059204101562,17.766300201416016,17.784799575805664,0,0.0,0.0
73,2025-06-26 18:15:00+01:00,17.78569984436035,17.791799545288086,17.766300201416016,17.782499313354492,0,0.0,0.0
74,2025-06-26 18:30:00+01:00,17.78019905090332,17.797800064086914,17.768800735473633,17.789859771728516,0,0.0,0.0
75,2025-06-26 18:45:00+01:00,17.79010009765625,17.80415916442871,17.778799057006836,17.80229949951172,0,0.0,0.0
76,2025-06-26 19:00:00+01:00,17.803049087524414,17.828399658203125,17.788799285888672,17.82200050354004,0,0.0,0.0
77,2025-06-26 19:15:00+01:00,17.822099685668945,17.838279724121094,17.808799743652344,17.83506965637207,0,0.0,0.0
78,2025-06-26 19:30:00+01:00,17.833919525146484,17.84889030456543,17.816299438476562,17.83643913269043,0,0.0,0.0
79,2025-06-26 19:45:00+01:00,17.834400177001953,17.847890853881836,17.81879997253418,17.846599578857422,0,0.0,0.0
80,2025-06-26 20:00:00+01:00,17.845699310302734,17.861940383911133,17.829999923706055,17.861299514770508,0,0.0,0.0
81,2025-06-26 20:15:00+01:00,17.861299514770508,17.86709976196289,17.837499618530273,17.847740173339844,0,0.0,0.0
82,2025-06-26 20:30:00+01:00,17.847610473632812,17.852399826049805,17.836299896240234,17.848520278930664,0,0.0,0.0
83,2025-06-26 20:45:00+01:00,17.846099853515625,17.85603904724121,17.833799362182617,17.846799850463867,0,0.0,0.0
84,2025-06-26 21:00:00+01:00,17.849550247192383,17.863800048828125,17.837499618530273,17.855859756469727,0,0.0,0.0
85,2025-06-26 21:15:00+01:00,17.85565948486328,17.865890502929688,17.843799591064453,17.854900360107422,0,0.0,0.0
86,2025-06-26 21:30:00+01:00,17.85951042175293,17.87350082397461,17.843799591064453,17.84630012512207,0,0.0,0.0
87,2025-06-26 21:45:00+01:00,17.856990814208984,17.871639251708984,17.81999969482422,17.830989837646484,0,0.0,0.0
88,2025-06-26 22:00:00+01:00,17.838499069213867,17.848899841308594,17.813499450683594,17.828699111938477,0,0.0,0.0
89,2025-06-26 22:15:00+01:00,17.82859992980957,17.839799880981445,17.814800262451172,17.829099655151367,0,0.0,0.0
90,2025-06-26 22:30:00+01:00,17.82990074157715,17.868900299072266,17.82159996032715,17.853200912475586,0,0.0,0.0
91,2025-06-26 22:45:00+01:00,17.826400756835938,17.894100189208984,17.826000213623047,17.885400772094727,0,0.0,0.0
92,2025-06-26 23:00:00+01:00,17.835529327392578,17.885499954223633,17.799800872802734,17.830799102783203,0,0.0,0.0
93,2025-06-26 23:15:00+01:00,17.835599899291992,17.854799270629883,17.799800872802734,17.843900680541992,0,0.0,0.0
94,2025-06-26 23:30:00+01:00,17.84440040588379,17.86334991455078,17.799800872802734,17.848899841308594,0,0.0,0.0
95,2025-06-26 23:45:00+01:00,17.84670066833496,17.86294937133789,17.843700408935547,17.847999572753906,0,0.0,0.0
96,2025-06-27 00:00:00+01:00,17.851539611816406,17.862300872802734,17.828899383544922,17.845199584960938,0,0.0,0.0
97,2025-06-27 00:15:00+01:00,17.845500946044922,17.849899291992188,17.83880043029785,17.83970069885254,0,0.0,0.0
98,2025-06-27 00:30:00+01:00,17.84653091430664,17.858850479125977,17.839799880981445,17.852800369262695,0,0.0,0.0
99,2025-06-27 00:45:00+01:00,17.850900650024414,17.863279342651367,17.826499938964844,17.85569953918457,0,0.0,0.0
100,2025-06-27 01:00:00+01:00,17.85527992248535,17.862079620361328,17.829700469970703,17.845600128173828,0,0.0,0.0
101,2025-06-27 01:15:00+01:00,17.845699310302734,17.86697006225586,17.829599380493164,17.8518009185791,0,0.0,0.0
102,2025-06-27 01:30:00+01:00,17.854829788208008,17.865970611572266,17.841100692749023,17.85420036315918,0,0.0,0.0
103,2025-06-27 01:45:00+01:00,17.852399826049805,17.8669490814209,17.838699340820312,17.86138916015625,0,0.0,0.0
104,2025-06-27 02:00:00+01:00,17.861669540405273,17.870540618896484,17.846200942993164,17.867700576782227,0,0.0,0.0
105,2025-06-27 02:15:00+01:00,17.867900848388672,17.874910354614258,17.84480094909668,17.870830535888672,0,0.0,0.0
106,2025-06-27 02:30:00+01:00,17.86039924621582,17.874900817871094,17.849300384521484,17.860599517822266,0,0.0,0.0
107,2025-06-27 02:45:00+01:00,17.86090087890625,17.86370086669922,17.821300506591797,17.843599319458008,0,0.0,0.0
108,2025-06-27 03:00:00+01:00,17.84370994567871,17.849319458007812,17.81760025024414,17.82938003540039,0,0.0,0.0
109,2025-06-27 03:15:00+01:00,17.82740020751953,17.84008026123047,17.803699493408203,17.835500717163086,0,0.0,0.0
110,2025-06-27 03:30:00+01:00,17.835800170898438,17.859779357910156,17.823699951171875,17.84709930419922,0,0.0,0.0
111,2025-06-27 03:45:00+01:00,17.847299575805664,17.850200653076172,17.813100814819336,17.831809997558594,0,0.0,0.0
112,2025-06-27 04:00:00+01:00,17.82979965209961,17.84149932861328,17.81089973449707,17.825969696044922,0,0.0,0.0
113,2025-06-27 04:15:00+01:00,17.8264102935791,17.846689224243164,17.816999435424805,17.835399627685547,0,0.0,0.0
114,2025-06-27 04:30:00+01:00,17.83970069885254,17.854930877685547,17.825599670410156,17.84670066833496,0,0.0,0.0
115,2025-06-27 04:45:00+01:00,17.84670066833496,17.864500045776367,17.83169937133789,17.861509323120117,0,0.0,0.0
116,2025-06-27 05:00:00+01:00,17.861499786376953,17.865400314331055,17.84119987487793,17.859800338745117,0,0.0,0.0
117,2025-06-27 05:15:00+01:00,17.859800338745117,17.861299514770508,17.839799880981445,17.859899520874023,0,0.0,0.0
118,2025-06-27 05:30:00+01:00,17.85906982421875,17.862699508666992,17.84040069580078,17.86009979248047,0,0.0,0.0
119,2025-06-27 05:45:00+01:00,17.859500885009766,17.865570068359375,17.843399047851562,17.864599227905273,0,0.0,0.0
120,2025-06-27 06:00:00+01:00,17.852399826049805,17.87579917907715,17.84830093383789,17.87030029296875,0,0.0,0.0
121,2025-06-27 06:15:00+01:00,17.858800888061523,17.87339973449707,17.84239959716797,17.84309959411621,0,0.0,0.0
122,2025-06-27 06:30:00+01:00,17.85589027404785,17.860660552978516,17.8356990814209,17.85890007019043,0,0.0,0.0
123,2025-06-27 06:45:00+01:00,17.85219955444336,17.85951042175293,17.825000762939453,17.850969314575195,0,0.0,0.0
124,2025-06-27 07:00:00+01:00,17.849300384521484,17.85565948486328,17.821300506591797,17.843000411987305,0,0.0,0.0
125,2025-06-27 07:15:00+01:00,17.845149993896484,17.847379684448242,17.790000915527344,17.79840087890625,0,0.0,0.0
126,2025-06-27 07:30:00+01:00,17.799219131469727,17.804229736328125,17.766799926757812,17.781219482421875,0,0.0,0.0
127,2025-06-27 07:45:00+01:00,17.782100677490234,17.793819427490234,17.76129913330078,17.77869987487793,0,0.0,0.0
128,2025-06-27 08:00:00+01:00,17.778400421142578,17.78350067138672,17.746299743652344,17.7810001373291,0,0.0,0.0
129,2025-06-27 08:15:00+01:00,17.78179931640625,17.841800689697266,17.76889991760254,17.834739685058594,0,0.0,0.0
130,2025-06-27 08:30:00+01:00,17.833799362182617,17.85405921936035,17.806900024414062,17.84309959411621,0,0.0,0.0
131,2025-06-27 08:45:00+01:00,17.84273910522461,17.868600845336914,17.830900192260742,17.862470626831055,0,0.0,0.0
132,2025-06-27 09:00:00+01:00,17.862680435180664,17.8717098236084,17.827499389648438,17.845550537109375,0,0.0,0.0
133,2025-06-27 09:15:00+01:00,17.845699310302734,17.860010147094727,17.82029914855957,17.855609893798828,0,0.0,0.0
134,2025-06-27 09:30:00+01:00,17.855609893798828,17.875999450683594,17.84000015258789,17.857099533081055,0,0.0,0.0
135,2025-06-27 09:45:00+01:00,17.85987091064453,17.871400833129883,17.836999893188477,17.866899490356445,0,0.0,0.0
136,2025-06-27 10:00:00+01:00,17.86669921875,17.912410736083984,17.852500915527344,17.9064998626709,0,0.0,0.0
137,2025-06-27 10:15:00+01:00,17.90947914123535,17.9158992767334,17.889999389648438,17.912090301513672,0,0.0,0.0
138,2025-06-27 10:30:00+01:00,17.91180992126465,17.918319702148438,17.896299362182617,17.9148006439209,0,0.0,0.0
139,2025-06-27 10:45:00+01:00,17.913869857788086,17.916400909423828,17.866300582885742,17.8843994140625,0,0.0,0.0
140,2025-06-27 11:00:00+01:00,17.884889602661133,17.888660430908203,17.844999313354492,17.886669158935547,0,0.0,0.0
141,2025-06-27 11:15:00+01:00,17.882099151611328,17.925989151000977,17.871700286865234,17.922000885009766,0,0.0,0.0
142,2025-06-27 11:30:00+01:00,17.924800872802734,17.93429946899414,17.903799057006836,17.928770065307617,0,0.0,0.0
143,2025-06-27 11:45:00+01:00,17.929100036621094,17.929380416870117,17.888500213623047,17.90169906616211,0,0.0,0.0
144,2025-06-27 12:00:00+01:00,17.900880813598633,17.90765953063965,17.885900497436523,17.898799896240234,0,0.0,0.0
145,2025-06-27 12:15:00+01:00,17.89859962463379,17.904300689697266,17.703800201416016,17.752300262451172,0,0.0,0.0
146,2025-06-27 12:30:00+01:00,17.750099182128906,17.801259994506836,17.70240020751953,17.761999130249023,0,0.0,0.0
147,2025-06-27 12:45:00+01:00,17.761999130249023,17.789859771728516,17.75,17.76810073852539,0,0.0,0.0
148,2025-06-27 13:00:00+01:00,17.76650047302246,17.81599998474121,17.758800506591797,17.805099487304688,0,0.0,0.0
149,2025-06-27 13:15:00+01:00,17.806699752807617,17.812660217285156,17.764400482177734,17.779909133911133,0,0.0,0.0
150,2025-06-27 13:30:00+01:00,17.777549743652344,17.7908992767334,17.747299194335938,17.786699295043945,0,0.0,0.0
151,2025-06-27 13:45:00+01:00,17.788740158081055,17.7910099029541,17.747499465942383,17.7810001373291,0,0.0,0.0
152,2025-06-27 14:00:00+01:00,17.781099319458008,17.815990447998047,17.764999389648438,17.81089973449707,0,0.0,0.0
153,2025-06-27 14:15:00+01:00,17.81464958190918,17.83449935913086,17.790000915527344,17.8298397064209,0,0.0,0.0
154,2025-06-27 14:30:00+01:00,17.828800201416016,17.84579086303711,17.815000534057617,17.83757972717285,0,0.0,0.0
155,2025-06-27 14:45:00+01:00,17.833999633789062,17.841859817504883,17.802600860595703,17.817150115966797,0,0.0,0.0
156,2025-06-27 15:00:00+01:00,17.81715965270996,17.827409744262695,17.794300079345703,17.82714080810547,0,0.0,0.0
157,2025-06-27 15:15:00+01:00,17.825599670410156,17.84320068359375,17.801799774169922,17.819490432739258,0,0.0,0.0
158,2025-06-27 15:30:00+01:00,17.816499710083008,17.82155990600586,17.78499984741211,17.801799774169922,0,0.0,0.0
159,2025-06-27 15:45:00+01:00,17.803279876708984,17.825410842895508,17.79129981994629,17.823209762573242,0,0.0,0.0
160,2025-06-27 16:00:00+01:00,17.823200225830078,17.83769989013672,17.808799743652344,17.82270050048828,0,0.0,0.0
161,2025-06-27 16:15:00+01:00,17.809999465942383,17.83009910583496,17.793800354003906,17.817899703979492,0,0.0,0.0
162,2025-06-27 16:30:00+01:00,17.818599700927734,17.824600219726562,17.788799285888672,17.809749603271484,0,0.0,0.0
163,2025-06-27 16:45:00+01:00,17.811260223388672,17.818899154663086,17.78730010986328,17.812639236450195,0,0.0,0.0
164,2025-06-27 17:00:00+01:00,17.812959671020508,17.839799880981445,17.803800582885742,17.826799392700195,0,0.0,0.0
165,2025-06-27 17:15:00+01:00,17.826969146728516,17.840539932250977,17.81130027770996,17.818910598754883,0,0.0,0.0
166,2025-06-27 17:30:00+01:00,17.816999435424805,17.824480056762695,17.80389976501465,17.81368064880371,0,0.0,0.0
167,2025-06-27 17:45:00+01:00,17.813779830932617,17.824600219726562,17.799999237060547,17.81641960144043,0,0.0,0.0
168,2025-06-27 18:00:00+01:00,17.816429138183594,17.82006072998047,17.799699783325195,17.813100814819336,0,0.0,0.0
169,2025-06-27 18:15:00+01:00,17.815059661865234,17.82278060913086,17.797800064086914,17.81705093383789,0,0.0,0.0
170,2025-06-27 18:30:00+01:00,17.81882095336914,17.834489822387695,17.799100875854492,17.831750869750977,0,0.0,0.0
171,2025-06-27 18:45:00+01:00,17.828899383544922,17.862060546875,17.81999969482422,17.85416030883789,0,0.0,0.0
172,2025-06-27 19:00:00+01:00,17.855600357055664,17.874879837036133,17.829599380493164,17.86762046813965,0,0.0,0.0
173,2025-06-27 19:15:00+01:00,17.867610931396484,17.86988067626953,17.811100006103516,17.84680938720703,0,0.0,0.0
174,2025-06-27 19:30:00+01:00,17.844999313354492,17.866600036621094,17.82309913635254,17.85930061340332,0,0.0,0.0
175,2025-06-27 19:45:00+01:00,17.86271095275879,17.86566925048828,17.829700469970703,17.862529754638672,0,0.0,0.0
176,2025-06-27 20:00:00+01:00,17.860300064086914,17.86549949645996,17.81730079650879,17.849750518798828,0,0.0,0.0
177,2025-06-27 20:15:00+01:00,17.850290298461914,17.870410919189453,17.82859992980957,17.84630012512207,0,0.0,0.0
178,2025-06-27 20:30:00+01:00,17.85594940185547,17.862300872802734,17.81839942932129,17.844860076904297,0,0.0,0.0
179,2025-06-27 20:45:00+01:00,17.845169067382812,17.85110092163086,17.818899154663086,17.843690872192383,0,0.0,0.0
180,2025-06-27 21:00:00+01:00,17.84453010559082,17.846799850463867,17.81369972229004,17.832500457763672,0,0.0,0.0
181,2025-06-27 21:15:00+01:00,17.840700149536133,17.8428897857666,17.811800003051758,17.835390090942383,0,0.0,0.0
182,2025-06-27 21:30:00+01:00,17.836050033569336,17.843599319458008,17.777299880981445,17.81570053100586,0,0.0,0.0
183,2025-06-27 21:45:00+01:00,17.81652069091797,17.846099853515625,17.777299880981445,17.80109977722168,0,0.0,0.0
184,2025-06-27 22:00:00+01:00,17.796600341796875,17.796600341796875,17.796600341796875,17.796600341796875,0,0.0,0.0
185,2025-06-27 22:15:00+01:00,17.796600341796875,17.796600341796875,17.796600341796875,17.796600341796875,0,0.0,0.0
186,2025-06-30 00:00:00+01:00,17.77039909362793,17.79159927368164,17.752099990844727,17.758899688720703,0,0.0,0.0
187,2025-06-30 00:15:00+01:00,17.762399673461914,17.771150588989258,17.74250030517578,17.761199951171875,0,0.0,0.0
188,2025-06-30 00:30:00+01:00,17.7637996673584,17.778060913085938,17.75830078125,17.76930046081543,0,0.0,0.0
189,2025-06-30 00:45:00+01:00,17.77050018310547,17.783700942993164,17.757200241088867,17.76930046081543,0,0.0,0.0
190,2025-06-30 01:00:00+01:00,17.77750015258789,17.789260864257812,17.766300201416016,17.779630661010742,0,0.0,0.0
191,2025-06-30 01:15:00+01:00,17.779510498046875,17.781150817871094,17.76129913330078,17.77280044555664,0,0.0,0.0
192,2025-06-30 01:30:00+01:00,17.77280044555664,17.79075050354004,17.770000457763672,17.78689956665039,0,0.0,0.0
193,2025-06-30 01:45:00+01:00,17.786989212036133,17.80682945251465,17.780000686645508,17.793699264526367,0,0.0,0.0
194,2025-06-30 02:00:00+01:00,17.792200088500977,17.797330856323242,17.762500762939453,17.770000457763672,0,0.0,0.0
195,2025-06-30 02:15:00+01:00,17.77549934387207,17.784090042114258,17.758800506591797,17.779150009155273,0,0.0,0.0
196,2025-06-30 02:30:00+01:00,17.779399871826172,17.788740158081055,17.771299362182617,17.787200927734375,0,0.0,0.0
197,2025-06-30 02:45:00+01:00,17.784900665283203,17.80721092224121,17.773799896240234,17.799400329589844,0,0.0,0.0
198,2025-06-30 03:00:00+01:00,17.80146026611328,17.801549911499023,17.774999618530273,17.78730010986328,0,0.0,0.0
199,2025-06-30 03:15:00+01:00,17.786100387573242,17.792499542236328,17.774999618530273,17.791339874267578,0,0.0,0.0
200,2025-06-30 03:30:00+01:00,17.790300369262695,17.79450035095215,17.774999618530273,17.78969955444336,0,0.0,0.0
201,2025-06-30 03:45:00+01:00,17.789499282836914,17.802400588989258,17.782499313354492,17.79680061340332,0,0.0,0.0
202,2025-06-30 04:00:00+01:00,17.799060821533203,17.80299949645996,17.787500381469727,17.800600051879883,0,0.0,0.0
203,2025-06-30 04:15:00+01:00,17.797800064086914,17.8039608001709,17.781299591064453,17.7947998046875,0,0.0,0.0
204,2025-06-30 04:30:00+01:00,17.79353904724121,17.802900314331055,17.781299591064453,17.796199798583984,0,0.0,0.0
205,2025-06-30 04:45:00+01:00,17.798160552978516,17.798660278320312,17.77630043029785,17.78969955444336,0,0.0,0.0
206,2025-06-30 05:00:00+01:00,17.793460845947266,17.79490089416504,17.774999618530273,17.78569984436035,0,0.0,0.0
207,2025-06-30 05:15:00+01:00,17.785749435424805,17.79046058654785,17.77630043029785,17.786399841308594,0,0.0,0.0
208,2025-06-30 05:30:00+01:00,17.78420066833496,17.788860321044922,17.7549991607666,17.76180076599121,0,0.0,0.0
209,2025-06-30 05:45:00+01:00,17.76180076599121,17.767669677734375,17.736299514770508,17.746950149536133,0,0.0,0.0
210,2025-06-30 06:00:00+01:00,17.747600555419922,17.75279998779297,17.729999542236328,17.740999221801758,0,0.0,0.0
211,2025-06-30 06:15:00+01:00,17.74365997314453,17.758399963378906,17.729999542236328,17.74530029296875,0,0.0,0.0
212,2025-06-30 06:30:00+01:00,17.746299743652344,17.752300262451172,17.733800888061523,17.74489974975586,0,0.0,0.0
213,2025-06-30 06:45:00+01:00,17.74595069885254,17.75160026550293,17.733800888061523,17.749460220336914,0,0.0,0.0
214,2025-06-30 07:00:00+01:00,17.749469757080078,17.751150131225586,17.729999542236328,17.74526023864746,0,0.0,0.0
215,2025-06-30 07:15:00+01:00,17.746320724487305,17.747339248657227,17.723800659179688,17.740400314331055,0,0.0,0.0
216,2025-06-30 07:30:00+01:00,17.74173927307129,17.746749877929688,17.676300048828125,17.69339942932129,0,0.0,0.0
217,2025-06-30 07:45:00+01:00,17.697540283203125,17.736539840698242,17.68630027770996,17.73150062561035,0,0.0,0.0
218,2025-06-30 08:00:00+01:00,17.731660842895508,17.743799209594727,17.707500457763672,17.738100051879883,0,0.0,0.0
219,2025-06-30 08:15:00+01:00,17.73740005493164,17.761259078979492,17.725000381469727,17.756799697875977,0,0.0,0.0
220,2025-06-30 08:30:00+01:00,17.757450103759766,17.7947998046875,17.7450008392334,17.787599563598633,0,0.0,0.0
221,2025-06-30 08:45:00+01:00,17.786100387573242,17.786100387573242,17.7549991607666,17.78030014038086,0,0.0,0.0
222,2025-06-30 09:00:00+01:00,17.778099060058594,17.79206085205078,17.758800506591797,17.781700134277344,0,0.0,0.0
223,2025-06-30 09:15:00+01:00,17.783340454101562,17.78805923461914,17.76129913330078,17.7731990814209,0,0.0,0.0
224,2025-06-30 09:30:00+01:00,17.775270462036133,17.792890548706055,17.76129913330078,17.789899826049805,0,0.0,0.0
225,2025-06-30 09:45:00+01:00,17.787939071655273,17.81800079345703,17.773799896240234,17.81130027770996,0,0.0,0.0
226,2025-06-30 10:00:00+01:00,17.812000274658203,17.82029914855957,17.774999618530273,17.78420066833496,0,0.0,0.0
227,2025-06-30 10:15:00+01:00,17.787750244140625,17.787750244140625,17.75749969482422,17.775859832763672,0,0.0,0.0
228,2025-06-30 10:30:00+01:00,17.775859832763672,17.79400062561035,17.76129913330078,17.789600372314453,0,0.0,0.0
229,2025-06-30 10:45:00+01:00,17.791259765625,17.797060012817383,17.7549991607666,17.77606964111328,0,0.0,0.0
230,2025-06-30 11:00:00+01:00,17.77617073059082,17.7833194732666,17.747499465942383,17.7650203704834,0,0.0,0.0
231,2025-06-30 11:15:00+01:00,17.765039443969727,17.771329879760742,17.743799209594727,17.76085090637207,0,0.0,0.0
232,2025-06-30 11:30:00+01:00,17.760540008544922,17.769540786743164,17.741300582885742,17.757200241088867,0,0.0,0.0
233,2025-06-30 11:45:00+01:00,17.757400512695312,17.761550903320312,17.731300354003906,17.74566078186035,0,0.0,0.0
234,2025-06-30 12:00:00+01:00,17.74493980407715,17.75480079650879,17.723800659179688,17.75079917907715,0,0.0,0.0
235,2025-06-30 12:15:00+01:00,17.751100540161133,17.76580047607422,17.736299514770508,17.7568302154541,0,0.0,0.0
236,2025-06-30 12:30:00+01:00,17.756420135498047,17.770950317382812,17.739999771118164,17.755859375,0,0.0,0.0
237,2025-06-30 12:45:00+01:00,17.75589942932129,17.773109436035156,17.741300582885742,17.768299102783203,0,0.0,0.0
238,2025-06-30 13:00:00+01:00,17.763599395751953,17.785900115966797,17.758800506591797,17.783100128173828,0,0.0,0.0
239,2025-06-30 13:15:00+01:00,17.783090591430664,17.796199798583984,17.767499923706055,17.782649993896484,0,0.0,0.0
240,2025-06-30 13:30:00+01:00,17.782899856567383,17.783649444580078,17.75629997253418,17.77120018005371,0,0.0,0.0
241,2025-06-30 13:45:00+01:00,17.77301025390625,17.78420066833496,17.760000228881836,17.777130126953125,0,0.0,0.0
242,2025-06-30 14:00:00+01:00,17.774900436401367,17.785900115966797,17.758800506591797,17.776399612426758,0,0.0,0.0
243,2025-06-30 14:15:00+01:00,17.77560043334961,17.780099868774414,17.753799438476562,17.776599884033203,0,0.0,0.0
244,2025-06-30 14:30:00+01:00,17.774900436401367,17.782630920410156,17.762500762939453,17.775739669799805,0,0.0,0.0
245,2025-06-30 14:45:00+01:00,17.777210235595703,17.78619956970215,17.760000228881836,17.772010803222656,0,0.0,0.0
246,2025-06-30 15:00:00+01:00,17.76919937133789,17.7898006439209,17.7549991607666,17.784669876098633,0,0.0,0.0
247,2025-06-30 15:15:00+01:00,17.78499984741211,17.79521942138672,17.7637996673584,17.77589988708496,0,0.0,0.0
248,2025-06-30 15:30:00+01:00,17.776899337768555,17.778499603271484,17.753799438476562,17.768999099731445,0,0.0,0.0
249,2025-06-30 15:45:00+01:00,17.764699935913086,17.796859741210938,17.753799438476562,17.771400451660156,0,0.0,0.0
250,2025-06-30 16:00:00+01:00,17.771739959716797,17.778039932250977,17.743799209594727,17.755210876464844,0,0.0,0.0
251,2025-06-30 16:15:00+01:00,17.755659103393555,17.759140014648438,17.727500915527344,17.75349998474121,0,0.0,0.0
252,2025-06-30 16:30:00+01:00,17.753910064697266,17.754600524902344,17.717500686645508,17.73579978942871,0,0.0,0.0
253,2025-06-30 16:45:00+01:00,17.734750747680664,17.73826026916504,17.700000762939453,17.717100143432617,0,0.0,0.0
254,2025-06-30 17:00:00+01:00,17.71647071838379,17.717750549316406,17.700000762939453,17.709550857543945,0,0.0,0.0
255,2025-06-30 17:15:00+01:00,17.709199905395508,17.722309112548828,17.690000534057617,17.71139907836914,0,0.0,0.0
256,2025-06-30 17:30:00+01:00,17.71146011352539,17.733869552612305,17.7012996673584,17.707300186157227,0,0.0,0.0
257,2025-06-30 17:45:00+01:00,17.7012996673584,17.726259231567383,17.7012996673584,17.717300415039062,0,0.0,0.0
258,2025-06-30 18:00:00+01:00,17.71837043762207,17.718950271606445,17.69379997253418,17.71470069885254,0,0.0,0.0
259,2025-06-30 18:15:00+01:00,17.71470069885254,17.7178897857666,17.69879913330078,17.71380043029785,0,0.0,0.0
260,2025-06-30 18:30:00+01:00,17.71417999267578,17.726470947265625,17.7012996673584,17.722299575805664,0,0.0,0.0
261,2025-06-30 18:45:00+01:00,17.722299575805664,17.726499557495117,17.708799362182617,17.720550537109375,0,0.0,0.0
262,2025-06-30 19:00:00+01:00,17.720550537109375,17.72701072692871,17.697500228881836,17.71150016784668,0,0.0,0.0
263,2025-06-30 19:15:00+01:00,17.713380813598633,17.714399337768555,17.690000534057617,17.703760147094727,0,0.0,0.0
264,2025-06-30 19:30:00+01:00,17.703750610351562,17.706600189208984,17.684999465942383,17.7012996673584,0,0.0,0.0
265,2025-06-30 19:45:00+01:00,17.702659606933594,17.702659606933594,17.684999465942383,17.697059631347656,0,0.0,0.0
266,2025-06-30 20:00:00+01:00,17.696699142456055,17.70166015625,17.684999465942383,17.697059631347656,0,0.0,0.0
267,2025-06-30 20:15:00+01:00,17.697059631347656,17.698699951171875,17.689800262451172,17.695199966430664,0,0.0,0.0
268,2025-06-30 20:30:00+01:00,17.69409942626953,17.7043399810791,17.68630027770996,17.699100494384766,0,0.0,0.0
269,2025-06-30 20:45:00+01:00,17.699100494384766,17.704299926757812,17.68630027770996,17.698400497436523,0,0.0,0.0
270,2025-06-30 21:00:00+01:00,17.70046043395996,17.70206069946289,17.681299209594727,17.69569969177246,0,0.0,0.0
271,2025-06-30 21:15:00+01:00,17.695650100708008,17.700740814208984,17.68709945678711,17.695899963378906,0,0.0,0.0
272,2025-06-30 21:30:00+01:00,17.695999145507812,17.701099395751953,17.688100814819336,17.694900512695312,0,0.0,0.0
273,2025-06-30 21:45:00+01:00,17.69668960571289,17.717500686645508,17.690099716186523,17.69890022277832,0,0.0,0.0
274,2025-06-30 22:00:00+01:00,17.72249984741211,17.757299423217773,17.72249984741211,17.727500915527344,0,0.0,0.0
275,2025-06-30 22:15:00+01:00,17.72249984741211,17.75860023498535,17.72249984741211,17.74020004272461,0,0.0,0.0
276,2025-06-30 22:45:00+01:00,17.725849151611328,17.757299423217773,17.705039978027344,17.727500915527344,0,0.0,0.0
277,2025-06-30 23:00:00+01:00,17.729999542236328,17.757299423217773,17.70462989807129,17.721500396728516,0,0.0,0.0
278,2025-06-30 23:15:00+01:00,17.721500396728516,17.757299423217773,17.69610023498535,17.705169677734375,0,0.0,0.0
279,2025-06-30 23:30:00+01:00,17.705169677734375,17.757299423217773,17.69659996032715,17.716100692749023,0,0.0,0.0
280,2025-06-30 23:45:00+01:00,17.705860137939453,17.757299423217773,17.69969940185547,17.706729888916016,0,0.0,0.0
281,2025-07-01 00:00:00+01:00,17.70615005493164,17.757299423217773,17.704999923706055,17.711700439453125,0,0.0,0.0
282,2025-07-01 00:15:00+01:00,17.709999084472656,17.715890884399414,17.706499099731445,17.71402931213379,0,0.0,0.0
283,2025-07-01 00:30:00+01:00,17.711599349975586,17.717140197753906,17.707950592041016,17.709999084472656,0,0.0,0.0
284,2025-07-01 00:45:00+01:00,17.711349487304688,17.718799591064453,17.70560073852539,17.710899353027344,0,0.0,0.0
285,2025-07-01 01:00:00+01:00,17.712749481201172,17.71725082397461,17.69230079650879,17.701099395751953,0,0.0,0.0
286,2025-07-01 01:15:00+01:00,17.701099395751953,17.7066593170166,17.68950080871582,17.697999954223633,0,0.0,0.0
287,2025-07-01 01:30:00+01:00,17.69976043701172,17.70136070251465,17.6875,17.699260711669922,0,0.0,0.0
288,2025-07-01 01:45:00+01:00,17.69849967956543,17.699270248413086,17.68630027770996,17.693599700927734,0,0.0,0.0
289,2025-07-01 02:00:00+01:00,17.696020126342773,17.700199127197266,17.683799743652344,17.697059631347656,0,0.0,0.0
290,2025-07-01 02:15:00+01:00,17.695619583129883,17.70159912109375,17.683799743652344,17.69540023803711,0,0.0,0.0
291,2025-07-01 02:30:00+01:00,17.69540023803711,17.706939697265625,17.68630027770996,17.694700241088867,0,0.0,0.0
292,2025-07-01 02:45:00+01:00,17.69540023803711,17.7052001953125,17.6875,17.702499389648438,0,0.0,0.0
293,2025-07-01 03:00:00+01:00,17.703060150146484,17.71190071105957,17.691299438476562,17.70009994506836,0,0.0,0.0
294,2025-07-01 03:15:00+01:00,17.702999114990234,17.705400466918945,17.6875,17.696399688720703,0,0.0,0.0
295,2025-07-01 03:30:00+01:00,17.6971492767334,17.70159912109375,17.691299438476562,17.70033073425293,0,0.0,0.0
296,2025-07-01 03:45:00+01:00,17.69955062866211,17.701400756835938,17.6875,17.69540023803711,0,0.0,0.0
297,2025-07-01 04:00:00+01:00,17.696659088134766,17.701000213623047,17.68630027770996,17.694900512695312,0,0.0,0.0
298,2025-07-01 04:15:00+01:00,17.69611930847168,17.69845962524414,17.68630027770996,17.695600509643555,0,0.0,0.0
299,2025-07-01 04:30:00+01:00,17.698339462280273,17.701000213623047,17.6875,17.6924991607666,0,0.0,0.0
300,2025-07-01 04:45:00+01:00,17.696699142456055,17.70549964904785,17.684999465942383,17.700300216674805,0,0.0,0.0
301,2025-07-01 05:00:00+01:00,17.70047950744629,17.70639991760254,17.688800811767578,17.69580078125,0,0.0,0.0
302,2025-07-01 05:15:00+01:00,17.694799423217773,17.701400756835938,17.69219970703125,17.69420051574707,0,0.0,0.0
303,2025-07-01 05:30:00+01:00,17.694299697875977,17.70509910583496,17.688800811767578,17.703710556030273,0,0.0,0.0
304,2025-07-01 05:45:00+01:00,17.703710556030273,17.705299377441406,17.688800811767578,17.69668960571289,0,0.0,0.0
305,2025-07-01 06:00:00+01:00,17.698110580444336,17.701799392700195,17.684999465942383,17.69879913330078,0,0.0,0.0
306,2025-07-01 06:15:00+01:00,17.698659896850586,17.702299118041992,17.688800811767578,17.698740005493164,0,0.0,0.0
307,2025-07-01 06:30:00+01:00,17.698200225830078,17.7012996673584,17.688800811767578,17.69985008239746,0,0.0,0.0
308,2025-07-01 06:45:00+01:00,17.699859619140625,17.705089569091797,17.678800582885742,17.69784927368164,0,0.0,0.0
309,2025-07-01 07:00:00+01:00,17.697429656982422,17.70709991455078,17.683799743652344,17.701000213623047,0,0.0,0.0
310,2025-07-01 07:15:00+01:00,17.69849967956543,17.707799911499023,17.681299209594727,17.696319580078125,0,0.0,0.0
311,2025-07-01 07:30:00+01:00,17.695209503173828,17.700700759887695,17.65999984741211,17.674129486083984,0,0.0,0.0
312,2025-07-01 07:45:00+01:00,17.67436981201172,17.683300018310547,17.655000686645508,17.675800323486328,0,0.0,0.0
313,2025-07-01 08:00:00+01:00,17.676300048828125,17.67715072631836,17.63129997253418,17.644479751586914,0,0.0,0.0
314,2025-07-01 08:15:00+01:00,17.644859313964844,17.64859962463379,17.60379981994629,17.617639541625977,0,0.0,0.0
315,2025-07-01 08:30:00+01:00,17.61871910095215,17.623600006103516,17.59749984741211,17.61639976501465,0,0.0,0.0
316,2025-07-01 08:45:00+01:00,17.61046028137207,17.620750427246094,17.578800201416016,17.592500686645508,0,0.0,0.0
317,2025-07-01 09:00:00+01:00,17.595640182495117,17.618030548095703,17.579999923706055,17.612600326538086,0,0.0,0.0
318,2025-07-01 09:15:00+01:00,17.614160537719727,17.61669921875,17.583799362182617,17.593910217285156,0,0.0,0.0
319,2025-07-01 09:30:00+01:00,17.595550537109375,17.601360321044922,17.5674991607666,17.601009368896484,0,0.0,0.0
320,2025-07-01 09:45:00+01:00,17.601009368896484,17.6031494140625,17.5625,17.588109970092773,0,0.0,0.0
321,2025-07-01 10:00:00+01:00,17.588520050048828,17.600669860839844,17.57379913330078,17.591100692749023,0,0.0,0.0
322,2025-07-01 10:15:00+01:00,17.591100692749023,17.594459533691406,17.559999465942383,17.572019577026367,0,0.0,0.0
323,2025-07-01 10:30:00+01:00,17.57270050048828,17.577470779418945,17.5575008392334,17.571670532226562,0,0.0,0.0
324,2025-07-01 10:45:00+01:00,17.572200775146484,17.592500686645508,17.558799743652344,17.59126091003418,0,0.0,0.0
325,2025-07-01 11:00:00+01:00,17.590070724487305,17.604040145874023,17.57379913330078,17.58449935913086,0,0.0,0.0
326,2025-07-01 11:15:00+01:00,17.584299087524414,17.596349716186523,17.56879997253418,17.591350555419922,0,0.0,0.0
327,2025-07-01 11:30:00+01:00,17.591360092163086,17.5939998626709,17.572500228881836,17.58386993408203,0,0.0,0.0
328,2025-07-01 11:45:00+01:00,17.584280014038086,17.587549209594727,17.556299209594727,17.570100784301758,0,0.0,0.0
329,2025-07-01 12:00:00+01:00,17.57154083251953,17.57883071899414,17.5575008392334,17.57040023803711,0,0.0,0.0
330,2025-07-01 12:15:00+01:00,17.573659896850586,17.584800720214844,17.56130027770996,17.580699920654297,0,0.0,0.0
331,2025-07-01 12:30:00+01:00,17.58176040649414,17.586389541625977,17.565000534057617,17.576770782470703,0,0.0,0.0
332,2025-07-01 12:45:00+01:00,17.5757999420166,17.589000701904297,17.566299438476562,17.581600189208984,0,0.0,0.0
333,2025-07-01 13:00:00+01:00,17.581279754638672,17.589750289916992,17.56130027770996,17.58799934387207,0,0.0,0.0
334,2025-07-01 13:15:00+01:00,17.586999893188477,17.601449966430664,17.566299438476562,17.596599578857422,0,0.0,0.0
335,2025-07-01 13:30:00+01:00,17.596799850463867,17.613380432128906,17.583799362182617,17.611400604248047,0,0.0,0.0
336,2025-07-01 13:45:00+01:00,17.611530303955078,17.615699768066406,17.5674991607666,17.593299865722656,0,0.0,0.0
337,2025-07-01 14:00:00+01:00,17.59334945678711,17.600000381469727,17.57379913330078,17.59649085998535,0,0.0,0.0
338,2025-07-01 14:15:00+01:00,17.600900650024414,17.603200912475586,17.582500457763672,17.60099983215332,0,0.0,0.0
339,2025-07-01 14:30:00+01:00,17.601320266723633,17.60540008544922,17.57379913330078,17.604440689086914,0,0.0,0.0
340,2025-07-01 14:45:00+01:00,17.59988021850586,17.612159729003906,17.566299438476562,17.593660354614258,0,0.0,0.0
341,2025-07-01 15:00:00+01:00,17.58827018737793,17.635379791259766,17.578699111938477,17.629919052124023,0,0.0,0.0
342,2025-07-01 15:15:00+01:00,17.629919052124023,17.634899139404297,17.577499389648438,17.600299835205078,0,0.0,0.0
343,2025-07-01 15:30:00+01:00,17.600299835205078,17.63861083984375,17.582500457763672,17.621200561523438,0,0.0,0.0
344,2025-07-01 15:45:00+01:00,17.6210994720459,17.634319305419922,17.60379981994629,17.622949600219727,0,0.0,0.0
345,2025-07-01 16:00:00+01:00,17.622940063476562,17.643299102783203,17.610000610351562,17.638200759887695,0,0.0,0.0
346,2025-07-01 16:15:00+01:00,17.637859344482422,17.65169906616211,17.62380027770996,17.645599365234375,0,0.0,0.0
347,2025-07-01 16:30:00+01:00,17.643829345703125,17.656049728393555,17.625,17.649900436401367,0,0.0,0.0
348,2025-07-01 16:45:00+01:00,17.649900436401367,17.651859283447266,17.608800888061523,17.62346076965332,0,0.0,0.0
349,2025-07-01 17:00:00+01:00,17.623600006103516,17.640859603881836,17.604999542236328,17.617799758911133,0,0.0,0.0
350,2025-07-01 17:15:00+01:00,17.617219924926758,17.63758087158203,17.604999542236328,17.629840850830078,0,0.0,0.0
351,2025-07-01 17:30:00+01:00,17.630109786987305,17.635189056396484,17.610000610351562,17.630449295043945,0,0.0,0.0
352,2025-07-01 17:45:00+01:00,17.630449295043945,17.64349937438965,17.618799209594727,17.63132095336914,0,0.0,0.0
353,2025-07-01 18:00:00+01:00,17.63157081604004,17.637489318847656,17.613800048828125,17.62649917602539,0,0.0,0.0
354,2025-07-01 18:15:00+01:00,17.629899978637695,17.636899948120117,17.606300354003906,17.624300003051758,0,0.0,0.0
355,2025-07-01 18:30:00+01:00,17.621400833129883,17.627269744873047,17.606300354003906,17.620500564575195,0,0.0,0.0
356,2025-07-01 18:45:00+01:00,17.625059127807617,17.628129959106445,17.60379981994629,17.62006950378418,0,0.0,0.0
357,2025-07-01 19:00:00+01:00,17.615999221801758,17.623659133911133,17.604999542236328,17.621490478515625,0,0.0,0.0
358,2025-07-01 19:15:00+01:00,17.618900299072266,17.6287899017334,17.606300354003906,17.620859146118164,0,0.0,0.0
359,2025-07-01 19:30:00+01:00,17.618600845336914,17.62425994873047,17.60379981994629,17.616350173950195,0,0.0,0.0
360,2025-07-01 19:45:00+01:00,17.614429473876953,17.62026023864746,17.602500915527344,17.612699508666992,0,0.0,0.0
361,2025-07-01 20:00:00+01:00,17.61454963684082,17.619060516357422,17.587499618530273,17.599899291992188,0,0.0,0.0
362,2025-07-01 20:15:00+01:00,17.601600646972656,17.612659454345703,17.58880043029785,17.60930061340332,0,0.0,0.0
363,2025-07-01 20:30:00+01:00,17.608299255371094,17.62055015563965,17.59749984741211,17.61389923095703,0,0.0,0.0
364,2025-07-01 20:45:00+01:00,17.609500885009766,17.614299774169922,17.587499618530273,17.600099563598633,0,0.0,0.0
365,2025-07-01 21:00:00+01:00,17.600000381469727,17.60416030883789,17.583799362182617,17.59589958190918,0,0.0,0.0
366,2025-07-01 21:15:00+01:00,17.59589958190918,17.60194969177246,17.581300735473633,17.589799880981445,0,0.0,0.0
367,2025-07-01 21:30:00+01:00,17.58970069885254,17.591310501098633,17.575000762939453,17.585569381713867,0,0.0,0.0
368,2025-07-01 21:45:00+01:00,17.58795928955078,17.59535026550293,17.56730079650879,17.582300186157227,0,0.0,0.0
369,2025-07-01 22:00:00+01:00,17.588300704956055,17.60070037841797,17.550399780273438,17.59119987487793,0,0.0,0.0
370,2025-07-01 22:15:00+01:00,17.591299057006836,17.603200912475586,17.584400177001953,17.588199615478516,0,0.0,0.0
371,2025-07-01 22:30:00+01:00,17.602399826049805,17.60460090637207,17.57659912109375,17.583799362182617,0,0.0,0.0
372,2025-07-01 22:45:00+01:00,17.582500457763672,17.589000701904297,17.5447998046875,17.559999465942383,0,0.0,0.0
373,2025-07-01 23:00:00+01:00,17.56599998474121,17.59494972229004,17.563899993896484,17.587600708007812,0,0.0,0.0
374,2025-07-01 23:15:00+01:00,17.58769989013672,17.594970703125,17.57200050354004,17.591859817504883,0,0.0,0.0
375,2025-07-01 23:30:00+01:00,17.592859268188477,17.594860076904297,17.574100494384766,17.578800201416016,0,0.0,0.0
376,2025-07-01 23:45:00+01:00,17.59465980529785,17.595970153808594,17.57550048828125,17.58009910583496,0,0.0,0.0
377,2025-07-02 00:00:00+01:00,17.590669631958008,17.608400344848633,17.578800201416016,17.597700119018555,0,0.0,0.0
378,2025-07-02 00:15:00+01:00,17.608400344848633,17.61141014099121,17.595500946044922,17.603599548339844,0,0.0,0.0
379,2025-07-02 00:30:00+01:00,17.60700035095215,17.607799530029297,17.587799072265625,17.59670066833496,0,0.0,0.0
380,2025-07-02 00:45:00+01:00,17.59670066833496,17.604259490966797,17.584400177001953,17.59320068359375,0,0.0,0.0
381,2025-07-02 01:00:00+01:00,17.597299575805664,17.60460090637207,17.580799102783203,17.59119987487793,0,0.0,0.0
382,2025-07-02 01:15:00+01:00,17.593399047851562,17.60260009765625,17.581499099731445,17.597400665283203,0,0.0,0.0
383,2025-07-02 01:30:00+01:00,17.60354995727539,17.605459213256836,17.583200454711914,17.602659225463867,0,0.0,0.0
384,2025-07-02 01:45:00+01:00,17.602550506591797,17.60334014892578,17.578500747680664,17.590139389038086,0,0.0,0.0
385,2025-07-02 02:00:00+01:00,17.591400146484375,17.610200881958008,17.57670021057129,17.609100341796875,0,0.0,0.0
386,2025-07-02 02:15:00+01:00,17.60930061340332,17.61376953125,17.58930015563965,17.599000930786133,0,0.0,0.0
387,2025-07-02 02:30:00+01:00,17.59910011291504,17.613679885864258,17.591299057006836,17.606599807739258,0,0.0,0.0
388,2025-07-02 02:45:00+01:00,17.607500076293945,17.63326072692871,17.597000122070312,17.623199462890625,0,0.0,0.0
389,2025-07-02 03:00:00+01:00,17.62816047668457,17.6385498046875,17.613800048828125,17.627599716186523,0,0.0,0.0
390,2025-07-02 03:15:00+01:00,17.628299713134766,17.632429122924805,17.607500076293945,17.620500564575195,0,0.0,0.0
391,2025-07-02 03:30:00+01:00,17.626190185546875,17.63344955444336,17.611600875854492,17.62619972229004,0,0.0,0.0
392,2025-07-02 03:45:00+01:00,17.626300811767578,17.630130767822266,17.601900100708008,17.61985969543457,0,0.0,0.0
393,2025-07-02 04:00:00+01:00,17.61359977722168,17.623310089111328,17.59760093688965,17.60662078857422,0,0.0,0.0
394,2025-07-02 04:15:00+01:00,17.610200881958008,17.6220703125,17.59779930114746,17.613300323486328,0,0.0,0.0
395,2025-07-02 04:30:00+01:00,17.61370086669922,17.615589141845703,17.595699310302734,17.610200881958008,0,0.0,0.0
396,2025-07-02 04:45:00+01:00,17.607580184936523,17.6170597076416,17.594100952148438,17.60409927368164,0,0.0,0.0
397,2025-07-02 05:00:00+01:00,17.605899810791016,17.610820770263672,17.58799934387207,17.602100372314453,0,0.0,0.0
398,2025-07-02 05:15:00+01:00,17.605499267578125,17.607580184936523,17.584999084472656,17.596200942993164,0,0.0,0.0
399,2025-07-02 05:30:00+01:00,17.594999313354492,17.60614013671875,17.583799362182617,17.598440170288086,0,0.0,0.0
400,2025-07-02 05:45:00+01:00,17.598360061645508,17.604860305786133,17.583099365234375,17.6018009185791,0,0.0,0.0
401,2025-07-02 06:00:00+01:00,17.602989196777344,17.615930557250977,17.589000701904297,17.603330612182617,0,0.0,0.0
402,2025-07-02 06:15:00+01:00,17.603429794311523,17.614830017089844,17.587299346923828,17.613279342651367,0,0.0,0.0
403,2025-07-02 06:30:00+01:00,17.611549377441406,17.613279342651367,17.587200164794922,17.598600387573242,0,0.0,0.0
404,2025-07-02 06:45:00+01:00,17.59807014465332,17.613929748535156,17.586299896240234,17.608299255371094,0,0.0,0.0
405,2025-07-02 07:00:00+01:00,17.609699249267578,17.61174964904785,17.585399627685547,17.603200912475586,0,0.0,0.0
406,2025-07-02 07:15:00+01:00,17.60079002380371,17.633769989013672,17.587900161743164,17.62579917907715,0,0.0,0.0
407,2025-07-02 07:30:00+01:00,17.62579917907715,17.65765953063965,17.608800888061523,17.64082908630371,0,0.0,0.0
408,2025-07-02 07:45:00+01:00,17.642349243164062,17.651330947875977,17.624500274658203,17.639659881591797,0,0.0,0.0
409,2025-07-02 08:00:00+01:00,17.639860153198242,17.664199829101562,17.625,17.65026092529297,0,0.0,0.0
410,2025-07-02 08:15:00+01:00,17.65195083618164,17.700010299682617,17.6382999420166,17.69569969177246,0,0.0,0.0
411,2025-07-02 08:30:00+01:00,17.695100784301758,17.695999145507812,17.66629981994629,17.67840003967285,0,0.0,0.0
412,2025-07-02 08:45:00+01:00,17.668699264526367,17.698509216308594,17.663799285888672,17.695899963378906,0,0.0,0.0
413,2025-07-02 09:00:00+01:00,17.697179794311523,17.710399627685547,17.6697998046875,17.68400001525879,0,0.0,0.0
414,2025-07-02 09:15:00+01:00,17.68556022644043,17.686159133911133,17.655099868774414,17.674699783325195,0,0.0,0.0
415,2025-07-02 09:30:00+01:00,17.67569923400879,17.67770004272461,17.649999618530273,17.672700881958008,0,0.0,0.0
416,2025-07-02 09:45:00+01:00,17.674549102783203,17.693300247192383,17.659000396728516,17.68947982788086,0,0.0,0.0
417,2025-07-02 10:00:00+01:00,17.68947982788086,17.6931095123291,17.667499542236328,17.68985939025879,0,0.0,0.0
418,2025-07-02 10:15:00+01:00,17.68720054626465,17.69045066833496,17.65880012512207,17.672399520874023,0,0.0,0.0
419,2025-07-02 10:30:00+01:00,17.676759719848633,17.679759979248047,17.648799896240234,17.66349983215332,0,0.0,0.0
420,2025-07-02 10:45:00+01:00,17.663549423217773,17.67664909362793,17.649999618530273,17.67487907409668,0,0.0,0.0
421,2025-07-02 11:00:00+01:00,17.674549102783203,17.675800323486328,17.649999618530273,17.668590545654297,0,0.0,0.0
422,2025-07-02 11:15:00+01:00,17.667509078979492,17.676620483398438,17.655000686645508,17.672460556030273,0,0.0,0.0
423,2025-07-02 11:30:00+01:00,17.67215919494629,17.674949645996094,17.641300201416016,17.65519905090332,0,0.0,0.0
424,2025-07-02 11:45:00+01:00,17.656389236450195,17.667009353637695,17.643800735473633,17.65913963317871,0,0.0,0.0
425,2025-07-02 12:00:00+01:00,17.657499313354492,17.66666030883789,17.639999389648438,17.653400421142578,0,0.0,0.0
426,2025-07-02 12:15:00+01:00,17.653459548950195,17.66330909729004,17.63129997253418,17.652950286865234,0,0.0,0.0
427,2025-07-02 12:30:00+01:00,17.65060043334961,17.659719467163086,17.6299991607666,17.658599853515625,0,0.0,0.0
428,2025-07-02 12:45:00+01:00,17.65920066833496,17.665800094604492,17.643800735473633,17.662900924682617,0,0.0,0.0
429,2025-07-02 13:00:00+01:00,17.659000396728516,17.67416000366211,17.641300201416016,17.655920028686523,0,0.0,0.0
430,2025-07-02 13:15:00+01:00,17.659940719604492,17.664810180664062,17.612499237060547,17.626800537109375,0,0.0,0.0
