Date,Open,High,Low,Close,Volume,Dividends,Stock Splits
2025-01-02 00:00:00+00:00,18.80929946899414,18.864900588989258,18.659799575805664,18.82015037536621,0,0.0,0.0
2025-01-03 00:00:00+00:00,18.739599227905273,18.811800003051758,18.672399520874023,18.739599227905273,0,0.0,0.0
2025-01-06 00:00:00+00:00,18.75200080871582,18.77669906616211,18.432729721069336,18.75200080871582,0,0.0,0.0
2025-01-07 00:00:00+00:00,18.54509925842285,18.69300079345703,18.50550079345703,18.54509925842285,0,0.0,0.0
2025-01-08 00:00:00+00:00,18.683300018310547,18.955400466918945,18.6653995513916,18.683300018310547,0,0.0,0.0
2025-01-09 00:00:00+00:00,18.90591049194336,18.98699951171875,18.82430076599121,18.90591049194336,0,0.0,0.0
2025-01-10 00:00:00+00:00,18.935609817504883,19.1924991607666,18.904199600219727,18.935609817504883,0,0.0,0.0
2025-01-13 00:00:00+00:00,19.090150833129883,19.22226905822754,19.052799224853516,19.090150833129883,0,0.0,0.0
2025-01-14 00:00:00+00:00,18.98550033569336,18.99959945678711,18.823999404907227,18.98550033569336,0,0.0,0.0
2025-01-15 00:00:00+00:00,16.498899459838867,18.943099975585938,16.498899459838867,16.498899459838867,0,0.0,0.0
2025-01-16 00:00:00+00:00,18.756999969482422,18.891799926757812,18.73040008544922,18.756999969482422,0,0.0,0.0
2025-01-17 00:00:00+00:00,15.43019962310791,18.831600189208984,15.43019962310791,15.43019962310791,0,0.0,0.0
2025-01-20 00:00:00+00:00,18.70949935913086,18.77457046508789,18.52065086364746,18.731700897216797,0,0.0,0.0
2025-01-21 00:00:00+00:00,18.495670318603516,18.680099487304688,18.468399047851562,18.495670318603516,0,0.0,0.0
2025-01-22 00:00:00+00:00,18.47960090637207,18.56903076171875,18.438199996948242,18.47960090637207,0,0.0,0.0
2025-01-23 00:00:00+00:00,18.493900299072266,18.59610939025879,18.46870994567871,18.493900299072266,0,0.0,0.0
2025-01-24 00:00:00+00:00,18.504539489746094,18.518159866333008,18.289600372314453,18.504539489746094,0,0.0,0.0
2025-01-27 00:00:00+00:00,18.479080200195312,18.74612045288086,18.475770950317383,18.479080200195312,0,0.0,0.0
2025-01-28 00:00:00+00:00,18.741500854492188,18.86083984375,18.640600204467773,18.741500854492188,0,0.0,0.0
2025-01-29 00:00:00+00:00,18.65959930419922,18.71817970275879,18.566909790039062,18.65959930419922,0,0.0,0.0
2025-01-30 00:00:00+00:00,18.518299102783203,18.56283950805664,18.41469955444336,18.518299102783203,0,0.0,0.0
2025-01-31 00:00:00+00:00,18.56730079650879,18.68844985961914,18.50309944152832,18.56730079650879,0,0.0,0.0
2025-02-03 00:00:00+00:00,18.99449920654297,19.03059959411621,18.682100296020508,18.99449920654297,0,0.0,0.0
2025-02-04 00:00:00+00:00,18.733409881591797,18.82430076599121,18.62689971923828,18.733409881591797,0,0.0,0.0
2025-02-05 00:00:00+00:00,18.65938949584961,18.7081298828125,18.516300201416016,18.65938949584961,0,0.0,0.0
2025-02-06 00:00:00+00:00,18.532800674438477,18.680299758911133,18.47170066833496,18.532800674438477,0,0.0,0.0
2025-02-07 00:00:00+00:00,18.43779945373535,18.490400314331055,18.32390022277832,18.43779945373535,0,0.0,0.0
2025-02-10 00:00:00+00:00,18.525070190429688,18.540470123291016,18.351999282836914,18.525070190429688,0,0.0,0.0
2025-02-11 00:00:00+00:00,18.419830322265625,18.50790023803711,18.41659927368164,18.419830322265625,0,0.0,0.0
2025-02-12 00:00:00+00:00,18.497589111328125,18.56100082397461,18.4153995513916,18.497589111328125,0,0.0,0.0
2025-02-13 00:00:00+00:00,18.511869430541992,18.601600646972656,18.443500518798828,18.511869430541992,0,0.0,0.0
2025-02-14 00:00:00+00:00,18.481199264526367,18.494380950927734,18.290800094604492,18.481199264526367,0,0.0,0.0
2025-02-17 00:00:00+00:00,18.34600067138672,18.45800018310547,18.2987003326416,18.34600067138672,0,0.0,0.0
2025-02-18 00:00:00+00:00,18.406410217285156,18.481199264526367,18.350000381469727,18.406410217285156,0,0.0,0.0
2025-02-19 00:00:00+00:00,18.395200729370117,18.588600158691406,18.321800231933594,18.395200729370117,0,0.0,0.0
2025-02-20 00:00:00+00:00,18.510400772094727,18.555299758911133,18.344600677490234,18.510400772094727,0,0.0,0.0
2025-02-21 00:00:00+00:00,18.319000244140625,18.393199920654297,18.295700073242188,18.319000244140625,0,0.0,0.0
2025-02-24 00:00:00+00:00,18.36716079711914,18.429000854492188,18.28860092163086,18.36716079711914,0,0.0,0.0
2025-02-25 00:00:00+00:00,18.361499786376953,18.44059944152832,18.328399658203125,18.361499786376953,0,0.0,0.0
2025-02-26 00:00:00+00:00,18.410999298095703,18.446800231933594,18.363100051879883,18.410999298095703,0,0.0,0.0
2025-02-27 00:00:00+00:00,18.366249084472656,18.4955997467041,18.38623046875,18.366249084472656,0,0.0,0.0
2025-02-28 00:00:00+00:00,18.42913055419922,18.60449981689453,18.429000854492188,18.42913055419922,0,0.0,0.0
2025-03-03 00:00:00+00:00,18.638320922851562,18.702999114990234,18.55820083618164,18.638320922851562,0,0.0,0.0
2025-03-04 00:00:00+00:00,18.603500366210938,18.65239906311035,18.49839973449707,18.603500366210938,0,0.0,0.0
2025-03-05 00:00:00+00:00,18.470399856567383,18.521900177001953,18.34910011291504,18.470399856567383,0,0.0,0.0
2025-03-06 00:00:00+00:00,18.295799255371094,18.37310028076172,18.112300872802734,18.295799255371094,0,0.0,0.0
2025-03-07 00:00:00+00:00,18.12347984313965,18.32349967956543,18.038999557495117,18.12347984313965,0,0.0,0.0
2025-03-10 00:00:00+00:00,18.258329391479492,18.345500946044922,18.21380043029785,18.258329391479492,0,0.0,0.0
2025-03-11 00:00:00+00:00,18.31909942626953,18.36840057373047,18.1830997467041,18.32900047302246,0,0.0,0.0
2025-03-12 00:00:00+00:00,18.194690704345703,18.43199920654297,18.192970275878906,18.194690704345703,0,0.0,0.0
2025-03-13 00:00:00+00:00,18.334199905395508,18.433399200439453,18.29829978942871,18.334199905395508,0,0.0,0.0
2025-03-14 00:00:00+00:00,18.27400016784668,18.326799392700195,18.140199661254883,18.27400016784668,0,0.0,0.0
2025-03-17 00:00:00+00:00,18.19611930847168,18.230730056762695,18.07390022277832,18.19611930847168,0,0.0,0.0
2025-03-18 00:00:00+00:00,18.075090408325195,18.153579711914062,17.996700286865234,18.075090408325195,0,0.0,0.0
2025-03-19 00:00:00+00:00,18.105690002441406,18.274959564208984,18.100799560546875,18.105690002441406,0,0.0,0.0
2025-03-20 00:00:00+00:00,18.09950065612793,18.241100311279297,18.074399948120117,18.09950065612793,0,0.0,0.0
2025-03-21 00:00:00+00:00,18.137500762939453,18.239099502563477,18.11720085144043,18.15290069580078,0,0.0,0.0
2025-03-24 00:00:00+00:00,18.20587921142578,18.234840393066406,18.09760093688965,18.20587921142578,0,0.0,0.0
2025-03-25 00:00:00+00:00,18.243070602416992,18.27737045288086,18.133800506591797,18.243070602416992,0,0.0,0.0
2025-03-26 00:00:00+00:00,18.270610809326172,18.288700103759766,18.203699111938477,18.270610809326172,0,0.0,0.0
2025-03-27 00:00:00+00:00,18.26959991455078,18.336599349975586,18.176799774169922,18.26959991455078,0,0.0,0.0
2025-03-28 00:00:00+00:00,18.205350875854492,18.42530059814453,18.12179946899414,18.205350875854492,0,0.0,0.0
2025-03-31 00:00:00+01:00,18.41119956970215,18.431900024414062,18.222000122070312,18.41119956970215,0,0.0,0.0
2025-04-01 00:00:00+01:00,18.30838966369629,18.42620086669922,18.254499435424805,18.30838966369629,0,0.0,0.0
2025-04-02 00:00:00+01:00,18.477970123291016,18.767250061035156,18.453899383544922,18.477970123291016,0,0.0,0.0
2025-04-03 00:00:00+01:00,18.94409942626953,19.007299423217773,18.69223976135254,18.94409942626953,0,0.0,0.0
2025-04-04 00:00:00+01:00,18.739099502563477,19.11478042602539,18.706899642944336,18.739099502563477,0,0.0,0.0
2025-04-07 00:00:00+01:00,19.27482032775879,19.61720085144043,19.153400421142578,19.27482032775879,0,0.0,0.0
2025-04-08 00:00:00+01:00,19.55769920349121,19.624000549316406,19.320999145507812,19.55769920349121,0,0.0,0.0
2025-04-09 00:00:00+01:00,19.75782012939453,19.928499221801758,19.617399215698242,19.75782012939453,0,0.0,0.0
2025-04-10 00:00:00+01:00,19.412220001220703,19.537700653076172,19.230899810791016,19.412220001220703,0,0.0,0.0
2025-04-11 00:00:00+01:00,19.48649024963379,19.499359130859375,19.101999282836914,19.48649024963379,0,0.0,0.0
2025-04-14 00:00:00+01:00,19.118560791015625,19.10780906677246,18.818199157714844,19.118560791015625,0,0.0,0.0
2025-04-15 00:00:00+01:00,18.871400833129883,19.043500900268555,18.743499755859375,18.871400833129883,0,0.0,0.0
2025-04-16 00:00:00+01:00,19.026330947875977,19.065969467163086,18.793699264526367,19.026330947875977,0,0.0,0.0
2025-04-17 00:00:00+01:00,18.780250549316406,18.889699935913086,18.759300231933594,18.780250549316406,0,0.0,0.0
2025-04-22 00:00:00+01:00,18.697460174560547,18.72481918334961,18.56369972229004,18.697460174560547,0,0.0,0.0
2025-04-23 00:00:00+01:00,18.607519149780273,18.653600692749023,18.49370002746582,18.607519149780273,0,0.0,0.0
2025-04-24 00:00:00+01:00,18.659400939941406,18.813400268554688,18.56053924560547,18.659400939941406,0,0.0,0.0
2025-04-25 00:00:00+01:00,18.749309539794922,18.911720275878906,18.70854949951172,18.749309539794922,0,0.0,0.0
2025-04-28 00:00:00+01:00,18.6824893951416,18.746400833129883,18.517349243164062,18.6824893951416,0,0.0,0.0
2025-04-29 00:00:00+01:00,18.49449920654297,18.585710525512695,18.462600708007812,18.49449920654297,0,0.0,0.0
2025-04-30 00:00:00+01:00,18.513200759887695,18.654399871826172,18.501089096069336,18.513200759887695,0,0.0,0.0
2025-05-01 00:00:00+01:00,18.53898048400879,18.70400047302246,18.5718994140625,18.53898048400879,0,0.0,0.0
2025-05-02 00:00:00+01:00,18.540700912475586,18.55215072631836,18.342899322509766,18.540700912475586,0,0.0,0.0
2025-05-05 00:00:00+01:00,18.40369987487793,18.42013931274414,18.23110008239746,18.40369987487793,0,0.0,0.0
2025-05-06 00:00:00+01:00,18.259660720825195,18.297199249267578,18.173500061035156,18.259660720825195,0,0.0,0.0
2025-05-07 00:00:00+01:00,18.19230079650879,18.33799934387207,18.165000915527344,18.19230079650879,0,0.0,0.0
2025-05-08 00:00:00+01:00,18.25079917907715,18.326740264892578,18.07979965209961,18.25079917907715,0,0.0,0.0
2025-05-09 00:00:00+01:00,18.2106990814209,18.292800903320312,18.153499603271484,18.2106990814209,0,0.0,0.0
2025-05-12 00:00:00+01:00,18.201749801635742,18.339799880981445,18.084449768066406,18.201749801635742,0,0.0,0.0
2025-05-13 00:00:00+01:00,18.24401092529297,18.466049194335938,18.211200714111328,18.24401092529297,0,0.0,0.0
2025-05-14 00:00:00+01:00,18.297489166259766,18.323640823364258,18.182899475097656,18.297489166259766,0,0.0,0.0
2025-05-15 00:00:00+01:00,18.215930938720703,18.27989959716797,18.013500213623047,18.215930938720703,0,0.0,0.0
2025-05-16 00:00:00+01:00,17.99720001220703,18.13599967956543,17.984800338745117,17.99720001220703,0,0.0,0.0
2025-05-19 00:00:00+01:00,18.04216957092285,18.09040069580078,17.972900390625,18.04216957092285,0,0.0,0.0
2025-05-20 00:00:00+01:00,18.0698299407959,18.112600326538086,17.91710090637207,18.0698299407959,0,0.0,0.0
2025-05-21 00:00:00+01:00,17.92137908935547,17.972200393676758,17.849899291992188,17.92137908935547,0,0.0,0.0
2025-05-22 00:00:00+01:00,17.97150993347168,18.062599182128906,17.918800354003906,17.97150993347168,0,0.0,0.0
2025-05-23 00:00:00+01:00,18.005889892578125,18.011280059814453,17.846500396728516,18.005889892578125,0,0.0,0.0
2025-05-26 00:00:00+01:00,17.811899185180664,17.88559913635254,17.78499984741211,17.811899185180664,0,0.0,0.0
2025-05-27 00:00:00+01:00,17.830799102783203,17.93939971923828,17.829299926757812,17.830799102783203,0,0.0,0.0
2025-05-28 00:00:00+01:00,17.946870803833008,18.009599685668945,17.854700088500977,17.946870803833008,0,0.0,0.0
2025-05-29 00:00:00+01:00,17.964099884033203,17.973600387573242,17.7460994720459,17.964099884033203,0,0.0,0.0
2025-05-30 00:00:00+01:00,17.782249450683594,18.064599990844727,17.760499954223633,17.782249450683594,0,0.0,0.0
2025-06-02 00:00:00+01:00,17.967790603637695,17.980989456176758,17.849199295043945,17.967790603637695,0,0.0,0.0
2025-06-03 00:00:00+01:00,17.830699920654297,17.93630027770996,17.80190086364746,17.830699920654297,0,0.0,0.0
2025-06-04 00:00:00+01:00,17.84756088256836,17.887699127197266,17.756500244140625,17.84756088256836,0,0.0,0.0
2025-06-05 00:00:00+01:00,17.808429718017578,17.856700897216797,17.679500579833984,17.808429718017578,0,0.0,0.0
2025-06-06 00:00:00+01:00,17.704139709472656,17.79669952392578,17.693300247192383,17.704139709472656,0,0.0,0.0
2025-06-09 00:00:00+01:00,17.766019821166992,17.79383087158203,17.680700302124023,17.766019821166992,0,0.0,0.0
2025-06-10 00:00:00+01:00,17.70840072631836,17.795000076293945,17.657400131225586,17.70840072631836,0,0.0,0.0
2025-06-11 00:00:00+01:00,17.68400001525879,17.792699813842773,17.663799285888672,17.68400001525879,0,0.0,0.0
2025-06-12 00:00:00+01:00,17.68670082092285,17.91670036315918,17.671499252319336,17.68670082092285,0,0.0,0.0
2025-06-13 00:00:00+01:00,17.7549991607666,18.060800552368164,17.744199752807617,17.7549991607666,0,0.0,0.0
2025-06-16 00:00:00+01:00,17.931970596313477,17.967649459838867,17.71739959716797,17.931970596313477,0,0.0,0.0
2025-06-17 00:00:00+01:00,17.815589904785156,17.9685001373291,17.793500900268555,17.815589904785156,0,0.0,0.0
2025-06-18 00:00:00+01:00,17.983699798583984,18.137699127197266,17.920299530029297,17.983699798583984,0,0.0,0.0
2025-06-19 00:00:00+01:00,18.018999099731445,18.145280838012695,17.997499465942383,18.018999099731445,0,0.0,0.0
2025-06-20 00:00:00+01:00,17.99456024169922,18.065500259399414,17.945600509643555,17.99456024169922,0,0.0,0.0
2025-06-23 00:00:00+01:00,18.0580997467041,18.14259910583496,17.956899642944336,18.061199188232422,0,0.0,0.0
2025-06-24 00:00:00+01:00,17.814800262451172,17.831310272216797,17.666099548339844,17.814800262451172,0,0.0,0.0
2025-06-25 00:00:00+01:00,17.721599578857422,17.843299865722656,17.677709579467773,17.721599578857422,0,0.0,0.0
2025-06-26 00:00:00+01:00,17.7007999420166,17.817699432373047,17.56559944152832,17.7007999420166,0,0.0,0.0
2025-06-27 00:00:00+01:00,17.860599517822266,17.930500030517578,17.71780014038086,17.860599517822266,0,0.0,0.0
2025-06-30 00:00:00+01:00,17.77079963684082,17.818099975585938,17.686500549316406,17.77079963684082,0,0.0,0.0
2025-07-01 00:00:00+01:00,17.705299377441406,17.70922088623047,17.558000564575195,17.705299377441406,0,0.0,0.0
2025-07-02 00:00:00+01:00,17.560800552368164,17.710399627685547,17.551000595092773,17.62912940979004,0,0.0,0.0
